[gd_scene load_steps=56 format=3 uid="uid://dxd7h6vgkpuml"]

[ext_resource type="PackedScene" uid="uid://8133s1exh8fc" path="res://3D Assets/astronaut Rigged/astronaut Rigged.glb" id="1_8lo8w"]
[ext_resource type="Shader" path="res://Shaders/AstronautRiggedMaterial_2.gdshader" id="2_yqlgg"]

[sub_resource type="ShaderMaterial" id="ShaderMaterial_i5y54"]
render_priority = 0
shader = ExtResource("2_yqlgg")
shader_parameter/distortion_size = 0.0

[sub_resource type="CapsuleShape3D" id="CapsuleShape3D_x8kw4"]
radius = 0.0139306
height = 0.139306

[sub_resource type="CapsuleShape3D" id="CapsuleShape3D_ilrre"]
radius = 0.0111959
height = 0.111959

[sub_resource type="CapsuleShape3D" id="CapsuleShape3D_akr5i"]
radius = 0.0141734
height = 0.141734

[sub_resource type="CapsuleShape3D" id="CapsuleShape3D_e2gcn"]
radius = 0.0311829
height = 0.311829

[sub_resource type="CapsuleShape3D" id="CapsuleShape3D_cs8kf"]
radius = 0.0182452
height = 0.182452

[sub_resource type="CapsuleShape3D" id="CapsuleShape3D_715w5"]
radius = 0.0248938
height = 0.248938

[sub_resource type="CapsuleShape3D" id="CapsuleShape3D_g0frf"]
radius = 0.0203438
height = 0.203438

[sub_resource type="CapsuleShape3D" id="CapsuleShape3D_7ljou"]
radius = 0.0373834
height = 0.373834

[sub_resource type="CapsuleShape3D" id="CapsuleShape3D_smtlt"]
radius = 0.0311849
height = 0.311849

[sub_resource type="CapsuleShape3D" id="CapsuleShape3D_ejxc8"]
radius = 0.0131533
height = 0.131533

[sub_resource type="CapsuleShape3D" id="CapsuleShape3D_gyfmd"]
radius = 0.00493297
height = 0.0493297

[sub_resource type="CapsuleShape3D" id="CapsuleShape3D_kmxb3"]
radius = 0.00336773
height = 0.0336773

[sub_resource type="CapsuleShape3D" id="CapsuleShape3D_h6ibj"]
radius = 0.00242357
height = 0.0242357

[sub_resource type="CapsuleShape3D" id="CapsuleShape3D_ypolv"]
radius = 0.00584083
height = 0.0584083

[sub_resource type="CapsuleShape3D" id="CapsuleShape3D_iy2n7"]
radius = 0.00323747
height = 0.0323747

[sub_resource type="CapsuleShape3D" id="CapsuleShape3D_qfdsk"]
radius = 0.00291519
height = 0.0291519

[sub_resource type="CapsuleShape3D" id="CapsuleShape3D_yf2uk"]
radius = 0.00531706
height = 0.0531706

[sub_resource type="CapsuleShape3D" id="CapsuleShape3D_wbnxw"]
radius = 0.00302978
height = 0.0302978

[sub_resource type="CapsuleShape3D" id="CapsuleShape3D_1vwdx"]
radius = 0.00269342
height = 0.0269342

[sub_resource type="CapsuleShape3D" id="CapsuleShape3D_uw72a"]
radius = 0.0034495
height = 0.034495

[sub_resource type="CapsuleShape3D" id="CapsuleShape3D_e27pv"]
radius = 0.00252958
height = 0.0252958

[sub_resource type="CapsuleShape3D" id="CapsuleShape3D_f2jo3"]
radius = 0.00225362
height = 0.0225362

[sub_resource type="CapsuleShape3D" id="CapsuleShape3D_p5abx"]
radius = 0.00629748
height = 0.0629748

[sub_resource type="CapsuleShape3D" id="CapsuleShape3D_1aoq6"]
radius = 0.00411051
height = 0.0411051

[sub_resource type="CapsuleShape3D" id="CapsuleShape3D_1e275"]
radius = 0.00296743
height = 0.0296743

[sub_resource type="CapsuleShape3D" id="CapsuleShape3D_42mi3"]
radius = 0.0203474
height = 0.203474

[sub_resource type="CapsuleShape3D" id="CapsuleShape3D_ha8l4"]
radius = 0.0373834
height = 0.373834

[sub_resource type="CapsuleShape3D" id="CapsuleShape3D_6wuw5"]
radius = 0.0311849
height = 0.311849

[sub_resource type="CapsuleShape3D" id="CapsuleShape3D_30k20"]
radius = 0.0131533
height = 0.131533

[sub_resource type="CapsuleShape3D" id="CapsuleShape3D_83aok"]
radius = 0.00493296
height = 0.0493296

[sub_resource type="CapsuleShape3D" id="CapsuleShape3D_kutrq"]
radius = 0.00336774
height = 0.0336774

[sub_resource type="CapsuleShape3D" id="CapsuleShape3D_2m0yl"]
radius = 0.00242354
height = 0.0242354

[sub_resource type="CapsuleShape3D" id="CapsuleShape3D_78anr"]
radius = 0.00584083
height = 0.0584083

[sub_resource type="CapsuleShape3D" id="CapsuleShape3D_1e3oh"]
radius = 0.00323748
height = 0.0323748

[sub_resource type="CapsuleShape3D" id="CapsuleShape3D_x8k2j"]
radius = 0.0029152
height = 0.029152

[sub_resource type="CapsuleShape3D" id="CapsuleShape3D_giamm"]
radius = 0.00531706
height = 0.0531706

[sub_resource type="CapsuleShape3D" id="CapsuleShape3D_llwdx"]
radius = 0.00302977
height = 0.0302977

[sub_resource type="CapsuleShape3D" id="CapsuleShape3D_umxjd"]
radius = 0.00269344
height = 0.0269344

[sub_resource type="CapsuleShape3D" id="CapsuleShape3D_ok2a1"]
radius = 0.0034495
height = 0.034495

[sub_resource type="CapsuleShape3D" id="CapsuleShape3D_5136a"]
radius = 0.00252954
height = 0.0252954

[sub_resource type="CapsuleShape3D" id="CapsuleShape3D_me0xm"]
radius = 0.00225361
height = 0.0225361

[sub_resource type="CapsuleShape3D" id="CapsuleShape3D_agdw7"]
radius = 0.00629748
height = 0.0629748

[sub_resource type="CapsuleShape3D" id="CapsuleShape3D_twys8"]
radius = 0.00411046
height = 0.0411046

[sub_resource type="CapsuleShape3D" id="CapsuleShape3D_ndflm"]
radius = 0.00296741
height = 0.0296741

[sub_resource type="CapsuleShape3D" id="CapsuleShape3D_w52k1"]
radius = 0.0570163
height = 0.570163

[sub_resource type="CapsuleShape3D" id="CapsuleShape3D_2wgcp"]
radius = 0.055977
height = 0.55977

[sub_resource type="CapsuleShape3D" id="CapsuleShape3D_usqyi"]
radius = 0.0167372
height = 0.167372

[sub_resource type="CapsuleShape3D" id="CapsuleShape3D_wgc6r"]
radius = 0.0101296
height = 0.101296

[sub_resource type="CapsuleShape3D" id="CapsuleShape3D_q5stv"]
radius = 0.0570167
height = 0.570167

[sub_resource type="CapsuleShape3D" id="CapsuleShape3D_7108k"]
radius = 0.0559771
height = 0.559771

[sub_resource type="CapsuleShape3D" id="CapsuleShape3D_8me25"]
radius = 0.0167373
height = 0.167373

[sub_resource type="CapsuleShape3D" id="CapsuleShape3D_h6eua"]
radius = 0.0101296
height = 0.101296

[node name="AstronautRigged" instance=ExtResource("1_8lo8w")]

[node name="Astronaut_Armature" parent="." index="0"]
transform = Transform3D(-0.84, 0, -1.26836e-07, 0, 0.84, 0, 1.26836e-07, 0, -0.84, 0, 0, 0)

[node name="Astronaut_Mesh" parent="Astronaut_Armature/Skeleton3D" index="0"]
surface_material_override/2 = SubResource("ShaderMaterial_i5y54")

[node name="Physical Bone Hip" type="PhysicalBone3D" parent="Astronaut_Armature/Skeleton3D" index="1"]
transform = Transform3D(1, -3.79985e-05, -5.69145e-12, 1.80847e-05, 0.475931, -0.879483, 3.3419e-05, 0.879483, 0.475931, 5.6562e-12, 1.24542, 0.00292955)
joint_offset = Transform3D(1, 0, 0, 0, 1, 0, 0, 0, 1, -3.18892e-11, -6.98492e-07, 0.0696527)
body_offset = Transform3D(1, -3.6376e-05, -4.96517e-06, -1.81899e-12, 0.135242, -0.990813, 3.67133e-05, 0.990813, 0.135242, 3.45844e-07, 0.0690129, -0.00941926)
bone_name = "Hip"

[node name="CollisionShape3D" type="CollisionShape3D" parent="Astronaut_Armature/Skeleton3D/Physical Bone Hip" index="0"]
transform = Transform3D(1, 0, 0, 0, 0, 1, 0, -1, 0, 0, 0, 0)
shape = SubResource("CapsuleShape3D_x8kw4")
disabled = true

[node name="Physical Bone LowerSpine" type="PhysicalBone3D" parent="Astronaut_Armature/Skeleton3D" index="2"]
transform = Transform3D(1, 2.6958e-11, -1.24531e-10, 2.75044e-12, -0.0521655, -0.998638, -2.71427e-11, 0.998638, -0.0521655, -6.20486e-11, 1.36259, -0.0273011)
joint_type = 1
joint_offset = Transform3D(1, 0, 0, 0, 1, 0, 0, 0, 1, 6.91561e-11, -2.0854e-10, 0.0559796)
body_offset = Transform3D(1, 0, -1.24388e-10, 7.81597e-14, 3.72529e-09, -1, -1.42109e-14, 1, 3.72529e-09, -6.21929e-11, 0.0559796, 0)
bone_name = "LowerSpine"
joint_constraints/bias = 0.3
joint_constraints/damping = 1.0
joint_constraints/impulse_clamp = 0.0

[node name="CollisionShape3D" type="CollisionShape3D" parent="Astronaut_Armature/Skeleton3D/Physical Bone LowerSpine" index="0"]
transform = Transform3D(1, 0, 0, 0, 0, 1, 0, -1, 0, 0, 0, 0)
shape = SubResource("CapsuleShape3D_ilrre")
disabled = true

[node name="Physical Bone MiddleSpine" type="PhysicalBone3D" parent="Astronaut_Armature/Skeleton3D" index="3"]
transform = Transform3D(1, 2.56364e-11, -4.29878e-13, -4.62508e-12, 0.21727, -0.976111, -2.52953e-11, 0.976111, 0.217271, 1.82965e-13, 1.48766, -0.0397783)
joint_type = 1
joint_offset = Transform3D(1, 0, 0, 0, 1, 0, 0, 0, 1, -5.94638e-17, -5.64366e-08, 0.0708675)
body_offset = Transform3D(1, -1.56319e-13, 7.10543e-15, 0, -6.25849e-07, -1, 0, 1, -4.47035e-08, -4.44089e-16, 0.0708675, 5.96046e-08)
bone_name = "MiddleSpine"
joint_constraints/bias = 0.3
joint_constraints/damping = 1.0
joint_constraints/impulse_clamp = 0.0

[node name="CollisionShape3D" type="CollisionShape3D" parent="Astronaut_Armature/Skeleton3D/Physical Bone MiddleSpine" index="0"]
transform = Transform3D(1, 0, 0, 0, 0, 1, 0, -1, 0, 0, 0, 0)
shape = SubResource("CapsuleShape3D_akr5i")
disabled = true

[node name="Physical Bone Chest" type="PhysicalBone3D" parent="Astronaut_Armature/Skeleton3D" index="4"]
transform = Transform3D(1, 1.7053e-13, -5.65669e-10, 9.12869e-13, 0.020793, -0.999788, 7.95808e-13, 0.999783, 0.0207918, 2.90434e-13, 1.71272, -0.0584176)
joint_type = 1
joint_offset = Transform3D(1, 0, 0, 0, 1, 0, 0, 0, 1, 8.81207e-11, 1.30385e-07, 0.155916)
body_offset = Transform3D(1, -2.27232e-11, -5.70711e-10, 1.81188e-13, 0.233808, -0.972287, 2.45279e-11, 0.972282, 0.233808, 8.62421e-13, 0.151595, -0.0364546)
bone_name = "Chest"
joint_constraints/bias = 0.3
joint_constraints/damping = 1.0
joint_constraints/impulse_clamp = 0.0

[node name="CollisionShape3D" type="CollisionShape3D" parent="Astronaut_Armature/Skeleton3D/Physical Bone Chest" index="0"]
transform = Transform3D(1, 0, 0, 0, 0, 1, 0, -1, 0, 0, 0, 0)
shape = SubResource("CapsuleShape3D_e2gcn")
disabled = true

[node name="Physical Bone Neck" type="PhysicalBone3D" parent="Astronaut_Armature/Skeleton3D" index="5"]
transform = Transform3D(1, 2.32632e-11, -2.77112e-13, 7.08206e-12, -0.262465, -0.964942, -2.29505e-11, 0.964942, -0.262465, 4.00124e-13, 1.95663, -0.0377159)
joint_type = 1
joint_offset = Transform3D(1, 0, 0, 0, 1, 0, 0, 0, 1, -1.87855e-14, 1.57064e-07, 0.0912268)
body_offset = Transform3D(1, -1.42109e-13, 1.66978e-13, -5.32907e-14, 3.8743e-07, -1, -4.26326e-14, 1, 2.38419e-07, 3.55271e-15, 0.0912268, -1.78814e-07)
bone_name = "Neck"
joint_constraints/bias = 0.3
joint_constraints/damping = 1.0
joint_constraints/impulse_clamp = 0.0

[node name="CollisionShape3D" type="CollisionShape3D" parent="Astronaut_Armature/Skeleton3D/Physical Bone Neck" index="0"]
transform = Transform3D(1, 0, 0, 0, 0, 1, 0, -1, 0, 0, 0, 0)
shape = SubResource("CapsuleShape3D_cs8kf")
disabled = true

[node name="Physical Bone Head" type="PhysicalBone3D" parent="Astronaut_Armature/Skeleton3D" index="6"]
transform = Transform3D(1, -7.66704e-08, -5.13925e-06, -5.13943e-06, -0.0298401, -0.999555, -8.22876e-08, 0.999575, -0.0298427, 7.63164e-07, 2.16935, -0.0100563)
joint_type = 1
joint_offset = Transform3D(1, 0, 0, 0, 1, 0, 0, 0, 1, -1.22064e-07, 6.84936e-06, 0.124746)
body_offset = Transform3D(1, 1.54898e-12, 1.85943e-10, -1.63449e-10, -9.31323e-08, -1, -5.56328e-09, 1.00002, -3.30433e-06, 1.22041e-07, 0.124746, -6.4373e-06)
bone_name = "Head"
joint_constraints/bias = 0.3
joint_constraints/damping = 1.0
joint_constraints/impulse_clamp = 0.0

[node name="CollisionShape3D" type="CollisionShape3D" parent="Astronaut_Armature/Skeleton3D/Physical Bone Head" index="0"]
transform = Transform3D(1, 0, 0, 0, 0, 1, 0, -1, 0, 0, 0, 0)
shape = SubResource("CapsuleShape3D_715w5")
disabled = true

[node name="Physical Bone LClavicle" type="PhysicalBone3D" parent="Astronaut_Armature/Skeleton3D" index="7"]
transform = Transform3D(0.309339, 0.25909, -0.914978, -0.914996, 0.343247, -0.212128, 0.259097, 0.902785, 0.343243, 0.124546, 1.87928, 0.0129887)
joint_type = 1
joint_offset = Transform3D(1, 0, 0, 0, 1, 0, 0, 0, 1, 1.80592e-07, -1.13147e-07, 0.101719)
body_offset = Transform3D(1.00002, -6.78003e-06, -6.03497e-07, 8.08388e-06, -1.3411e-06, -1, -7.15256e-06, 0.999983, -5.96046e-08, -1.19209e-07, 0.101719, 1.19209e-07)
bone_name = "LClavicle"
joint_constraints/bias = 0.3
joint_constraints/damping = 1.0
joint_constraints/impulse_clamp = 0.0

[node name="CollisionShape3D" type="CollisionShape3D" parent="Astronaut_Armature/Skeleton3D/Physical Bone LClavicle" index="0"]
transform = Transform3D(1, 0, 0, 0, 0, 1, 0, -1, 0, 0, 0, 0)
shape = SubResource("CapsuleShape3D_g0frf")
disabled = true

[node name="Physical Bone LShoulder" type="PhysicalBone3D" parent="Astronaut_Armature/Skeleton3D" index="8"]
transform = Transform3D(-0.00362811, 0.0090927, -0.999952, -0.999952, 0.00905371, 0.00370518, 0.00908862, 1, 0.00905563, 0.404525, 1.90017, -0.0236183)
joint_type = 1
joint_offset = Transform3D(1, 0, 0, 0, 1, 0, 0, 0, 1, -3.46843e-07, -1.94946e-09, 0.186917)
body_offset = Transform3D(1, 2.0992e-06, 4.40666e-06, -8.66887e-07, 3.13018e-06, -1, 3.3062e-07, 1.00008, 5.02914e-08, -4.76837e-07, 0.186917, -7.45058e-09)
bone_name = "LShoulder"
joint_constraints/bias = 0.3
joint_constraints/damping = 1.0
joint_constraints/impulse_clamp = 0.0

[node name="CollisionShape3D" type="CollisionShape3D" parent="Astronaut_Armature/Skeleton3D/Physical Bone LShoulder" index="0"]
transform = Transform3D(1, 0, 0, 0, 0, 1, 0, -1, 0, 0, 0, 0)
shape = SubResource("CapsuleShape3D_7ljou")
disabled = true

[node name="Physical Bone LForearm" type="PhysicalBone3D" parent="Astronaut_Armature/Skeleton3D" index="9"]
transform = Transform3D(0.00307059, 0.00623741, -0.999976, -0.999975, 0.00625624, -0.00303153, 0.00623624, 0.999961, 0.00625646, 0.747354, 1.89995, -0.0262865)
joint_type = 1
joint_offset = Transform3D(1, 0, 0, 0, 1, 0, 0, 0, 1, 1.10743e-06, -5.44177e-09, 0.155924)
body_offset = Transform3D(1, -9.31323e-10, -2.21586e-07, -2.12898e-07, -4.19095e-09, -1, -8.54954e-07, 1, -9.31323e-10, -1.07288e-06, 0.155924, 5.58794e-09)
bone_name = "LForearm"
joint_constraints/bias = 0.3
joint_constraints/damping = 1.0
joint_constraints/impulse_clamp = 0.0

[node name="CollisionShape3D" type="CollisionShape3D" parent="Astronaut_Armature/Skeleton3D/Physical Bone LForearm" index="0"]
transform = Transform3D(1, 0, 0, 0, 0, 1, 0, -1, 0, 0, 0, 0)
shape = SubResource("CapsuleShape3D_smtlt")
disabled = true

[node name="Physical Bone LHand" type="PhysicalBone3D" parent="Astronaut_Armature/Skeleton3D" index="10"]
transform = Transform3D(-0.0171454, 0.279045, -0.960108, 0.969728, -0.229298, -0.0839599, -0.243583, -0.932505, -0.26667, 0.966419, 1.90594, -0.00789468)
joint_type = 1
joint_offset = Transform3D(1, 0, 0, 0, 1, 0, 0, 0, 1, 0.000445793, 0.0017053, 0.0662561)
body_offset = Transform3D(-0.978675, 0.195025, 0.0645092, 5.12227e-08, 0.314035, -0.949395, -0.205417, -0.92917, -0.30734, -0.00417042, 0.0623677, 0.0220393)
bone_name = "LHand"
joint_constraints/bias = 0.3
joint_constraints/damping = 1.0
joint_constraints/impulse_clamp = 0.0

[node name="CollisionShape3D" type="CollisionShape3D" parent="Astronaut_Armature/Skeleton3D/Physical Bone LHand" index="0"]
transform = Transform3D(1, 0, 0, 0, 0, 1, 0, -1, 0, 0, 0, 0)
shape = SubResource("CapsuleShape3D_ejxc8")
disabled = true

[node name="Physical Bone LFinger1" type="PhysicalBone3D" parent="Astronaut_Armature/Skeleton3D" index="11"]
transform = Transform3D(-0.196381, -0.210813, -0.957611, -0.957597, -0.168739, 0.233528, -0.210814, 0.962853, -0.16874, 1.05318, 1.9057, 0.0119756)
joint_type = 1
joint_offset = Transform3D(1, 0, 0, 0, 1, 0, 0, 0, 1, 3.08618e-07, 1.03873e-09, 0.0246649)
body_offset = Transform3D(1, 3.72529e-07, -2.84612e-06, -5.77047e-06, -1.95205e-06, -1.00001, -7.45058e-08, 1, -2.45869e-06, -2.38419e-07, 0.0246652, 5.96046e-08)
bone_name = "LFinger1"
joint_constraints/bias = 0.3
joint_constraints/damping = 1.0
joint_constraints/impulse_clamp = 0.0

[node name="CollisionShape3D" type="CollisionShape3D" parent="Astronaut_Armature/Skeleton3D/Physical Bone LFinger1" index="0"]
transform = Transform3D(1, 0, 0, 0, 0, 1, 0, -1, 0, 0, 0, 0)
shape = SubResource("CapsuleShape3D_gyfmd")
disabled = true

[node name="Physical Bone LFinger11" type="PhysicalBone3D" parent="Astronaut_Armature/Skeleton3D" index="12"]
transform = Transform3D(-0.196489, -0.210938, -0.957572, -0.957625, -0.168803, 0.233592, -0.210918, 0.962814, -0.168789, 1.09293, 1.89603, 0.0189772)
joint_type = 1
joint_offset = Transform3D(1, 0, 0, 0, 1, 0, 0, 0, 1, 1.92648e-05, 5.68558e-06, 0.0168337)
body_offset = Transform3D(1.00007, 2.5019e-05, 2.70829e-06, -5.67511e-05, -4.62085e-05, -1, -3.08454e-06, 1, -1.37091e-06, -1.93119e-05, 0.0168337, -5.66244e-06)
bone_name = "LFinger11"
joint_constraints/bias = 0.3
joint_constraints/damping = 1.0
joint_constraints/impulse_clamp = 0.0

[node name="CollisionShape3D" type="CollisionShape3D" parent="Astronaut_Armature/Skeleton3D/Physical Bone LFinger11" index="0"]
transform = Transform3D(1, 0, 0, 0, 0, 1, 0, -1, 0, 0, 0, 0)
shape = SubResource("CapsuleShape3D_kmxb3")
disabled = true

[node name="Physical Bone LFinger12" type="PhysicalBone3D" parent="Astronaut_Armature/Skeleton3D" index="13"]
transform = Transform3D(-0.254763, -0.205852, -0.94701, -0.967347, -0.157386, 0.28267, -0.207036, 0.988081, -0.153607, 1.12052, 1.88865, 0.0236805)
joint_type = 1
joint_offset = Transform3D(1, 0, 0, 0, 1, 0, 0, 0, 1, 1.59172e-08, 2.11539e-06, 0.0121153)
body_offset = Transform3D(1.02153, 0.000156, 1.83098e-05, 0.000393461, 0.00130641, -1.00016, -3.63588e-05, 1.02149, -1.35452e-05, -2.38419e-07, 0.0121173, -1.99676e-06)
bone_name = "LFinger12"
joint_constraints/bias = 0.3
joint_constraints/damping = 1.0
joint_constraints/impulse_clamp = 0.0

[node name="CollisionShape3D" type="CollisionShape3D" parent="Astronaut_Armature/Skeleton3D/Physical Bone LFinger12" index="0"]
transform = Transform3D(1, 0, 0, 0, 0, 1, 0, -1, 0, 0, 0, 0)
shape = SubResource("CapsuleShape3D_h6ibj")
disabled = true

[node name="Physical Bone LFinger2" type="PhysicalBone3D" parent="Astronaut_Armature/Skeleton3D" index="14"]
transform = Transform3D(0.00281542, 0.00589757, -1.00075, -0.999978, 0.00591383, -0.00278168, 0.00589722, 0.999967, 0.00592551, 1.06065, 1.91325, -0.0243808)
joint_type = 1
joint_offset = Transform3D(1, 0, 0, 0, 1, 0, 0, 0, 1, 6.50462e-08, -2.12398e-07, 0.0291817)
body_offset = Transform3D(1, 1.95578e-08, -2.22901e-06, -1.30395e-06, -6.98492e-09, -1.00077, 1.86265e-09, 1, 6.89551e-06, 0, 0.0292041, 1.11759e-08)
bone_name = "LFinger2"
joint_constraints/bias = 0.3
joint_constraints/damping = 1.0
joint_constraints/impulse_clamp = 0.0

[node name="CollisionShape3D" type="CollisionShape3D" parent="Astronaut_Armature/Skeleton3D/Physical Bone LFinger2" index="0"]
transform = Transform3D(1, 0, 0, 0, 0, 1, 0, -1, 0, 0, 0, 0)
shape = SubResource("CapsuleShape3D_ypolv")
disabled = true

[node name="Physical Bone LFinger21" type="PhysicalBone3D" parent="Astronaut_Armature/Skeleton3D" index="15"]
transform = Transform3D(0.00307915, 0.00606712, -0.999977, -0.999976, 0.00608578, -0.00304757, 0.00606709, 0.999963, 0.00608601, 1.10604, 1.91338, -0.0246559)
joint_type = 1
joint_offset = Transform3D(1, 0, 0, 0, 1, 0, 0, 0, 1, -3.92134e-08, 3.80871e-06, 0.016188)
body_offset = Transform3D(1, -4.65661e-10, 2.42237e-06, -2.94705e-06, -2.98023e-08, -1, -1.86265e-09, 1, 2.54717e-07, 0, 0.016188, -3.81283e-06)
bone_name = "LFinger21"
joint_constraints/bias = 0.3
joint_constraints/damping = 1.0
joint_constraints/impulse_clamp = 0.0

[node name="CollisionShape3D" type="CollisionShape3D" parent="Astronaut_Armature/Skeleton3D/Physical Bone LFinger21" index="0"]
transform = Transform3D(1, 0, 0, 0, 0, 1, 0, -1, 0, 0, 0, 0)
shape = SubResource("CapsuleShape3D_iy2n7")
disabled = true

[node name="Physical Bone LFinger22" type="PhysicalBone3D" parent="Astronaut_Armature/Skeleton3D" index="16"]
transform = Transform3D(-0.0704392, -0.00145981, -0.997516, -0.997515, -0.00136034, 0.0704406, -0.00145988, 0.999998, -0.00136038, 1.13677, 1.91241, -0.0247308)
joint_type = 1
joint_offset = Transform3D(1, 0, 0, 0, 1, 0, 0, 0, 1, 1.70415e-07, 2.23891e-08, 0.0145764)
body_offset = Transform3D(1, -2.32831e-10, -3.51289e-06, -4.24327e-06, -1.74623e-09, -1, 2.79397e-09, 1, -2.56114e-09, -1.19209e-07, 0.0145764, -2.23517e-08)
bone_name = "LFinger22"
joint_constraints/bias = 0.3
joint_constraints/damping = 1.0
joint_constraints/impulse_clamp = 0.0

[node name="CollisionShape3D" type="CollisionShape3D" parent="Astronaut_Armature/Skeleton3D/Physical Bone LFinger22" index="0"]
transform = Transform3D(1, 0, 0, 0, 0, 1, 0, -1, 0, 0, 0, 0)
shape = SubResource("CapsuleShape3D_qfdsk")
disabled = true

[node name="Physical Bone LFinger3" type="PhysicalBone3D" parent="Astronaut_Armature/Skeleton3D" index="17"]
transform = Transform3D(-0.0465584, 0.0654991, -0.996797, -1.00033, 0.0623963, 0.050462, 0.0657927, 0.99593, 0.0623957, 1.05124, 1.90759, -0.0576569)
joint_type = 1
joint_offset = Transform3D(1, 0, 0, 0, 1, 0, 0, 0, 1, 1.6568e-06, -1.49815e-07, 0.0265845)
body_offset = Transform3D(1.00357, -1.98931e-06, -4.25056e-06, -4.00986e-05, 1.12876e-06, -1.00002, 6.04615e-05, 1.00003, 2.2687e-06, -1.54972e-06, 0.0265851, 8.9407e-08)
bone_name = "LFinger3"
joint_constraints/bias = 0.3
joint_constraints/damping = 1.0
joint_constraints/impulse_clamp = 0.0

[node name="CollisionShape3D" type="CollisionShape3D" parent="Astronaut_Armature/Skeleton3D/Physical Bone LFinger3" index="0"]
transform = Transform3D(1, 0, 0, 0, 0, 1, 0, -1, 0, 0, 0, 0)
shape = SubResource("CapsuleShape3D_yf2uk")
disabled = true

[node name="Physical Bone LFinger31" type="PhysicalBone3D" parent="Astronaut_Armature/Skeleton3D" index="18"]
transform = Transform3D(-0.0459935, 0.0657145, -0.996778, -0.996799, 0.0626238, 0.0501214, 0.0657158, 0.995872, 0.0626224, 1.09284, 1.90549, -0.0602664)
joint_type = 1
joint_offset = Transform3D(1, 0, 0, 0, 1, 0, 0, 0, 1, 8.20477e-06, 1.55712e-06, 0.0151486)
body_offset = Transform3D(1.00002, -7.97212e-07, 1.35275e-06, 1.68942e-06, -4.84288e-07, -1, -4.24683e-07, 1, -4.88013e-07, -8.22544e-06, 0.0151486, -1.54972e-06)
bone_name = "LFinger31"
joint_constraints/bias = 0.3
joint_constraints/damping = 1.0
joint_constraints/impulse_clamp = 0.0

[node name="CollisionShape3D" type="CollisionShape3D" parent="Astronaut_Armature/Skeleton3D/Physical Bone LFinger31" index="0"]
transform = Transform3D(1, 0, 0, 0, 0, 1, 0, -1, 0, 0, 0, 0)
shape = SubResource("CapsuleShape3D_wbnxw")
disabled = true

[node name="Physical Bone LFinger32" type="PhysicalBone3D" parent="Astronaut_Armature/Skeleton3D" index="19"]
transform = Transform3D(-0.119377, 0.0529322, -0.991437, -0.991435, 0.0468824, 0.12188, 0.0529329, 0.997486, 0.0468824, 1.1213, 1.90309, -0.061845)
joint_type = 1
joint_offset = Transform3D(1, 0, 0, 0, 1, 0, 0, 0, 1, 1.01705e-05, -5.76219e-08, 0.0134707)
body_offset = Transform3D(0.999999, 8.19564e-08, 6.04824e-06, 5.90971e-06, -3.39001e-07, -1, 2.98023e-08, 0.999989, -7.00355e-07, -1.0252e-05, 0.0134707, 6.70552e-08)
bone_name = "LFinger32"
joint_constraints/bias = 0.3
joint_constraints/damping = 1.0
joint_constraints/impulse_clamp = 0.0

[node name="CollisionShape3D" type="CollisionShape3D" parent="Astronaut_Armature/Skeleton3D/Physical Bone LFinger32" index="0"]
transform = Transform3D(1, 0, 0, 0, 0, 1, 0, -1, 0, 0, 0, 0)
shape = SubResource("CapsuleShape3D_1vwdx")
disabled = true

[node name="Physical Bone LFinger4" type="PhysicalBone3D" parent="Astronaut_Armature/Skeleton3D" index="20"]
transform = Transform3D(-0.11232, 0.307064, -0.945038, -0.945037, 0.260887, 0.197088, 0.307066, 0.915232, 0.260882, 1.03229, 1.88845, -0.0813916)
joint_type = 1
joint_offset = Transform3D(1, 0, 0, 0, 1, 0, 0, 0, 1, 3.28843e-07, 4.62617e-08, 0.0172476)
body_offset = Transform3D(1, -2.98023e-07, 1.66893e-06, 2.22027e-06, -1.13249e-06, -1, -8.9407e-08, 1, -2.68221e-06, -3.57628e-07, 0.0172476, 0)
bone_name = "LFinger4"
joint_constraints/bias = 0.3
joint_constraints/damping = 1.0
joint_constraints/impulse_clamp = 0.0

[node name="CollisionShape3D" type="CollisionShape3D" parent="Astronaut_Armature/Skeleton3D/Physical Bone LFinger4" index="0"]
transform = Transform3D(1, 0, 0, 0, 0, 1, 0, -1, 0, 0, 0, 0)
shape = SubResource("CapsuleShape3D_uw72a")
disabled = true

[node name="Physical Bone LFinger41" type="PhysicalBone3D" parent="Astronaut_Armature/Skeleton3D" index="21"]
transform = Transform3D(-0.112007, 0.307144, -0.945048, -0.945051, 0.261033, 0.196843, 0.307147, 0.915163, 0.261029, 1.06055, 1.88256, -0.0891925)
joint_type = 1
joint_offset = Transform3D(1, 0, 0, 0, 1, 0, 0, 0, 1, 3.6705e-07, -1.22413e-07, 0.0126477)
body_offset = Transform3D(1, -2.98023e-08, -7.45058e-07, -7.22706e-07, 3.27826e-07, -1, -1.63913e-06, 1, 2.5332e-07, -3.57628e-07, 0.0126477, 1.19209e-07)
bone_name = "LFinger41"
joint_constraints/bias = 0.3
joint_constraints/damping = 1.0
joint_constraints/impulse_clamp = 0.0

[node name="CollisionShape3D" type="CollisionShape3D" parent="Astronaut_Armature/Skeleton3D/Physical Bone LFinger41" index="0"]
transform = Transform3D(1, 0, 0, 0, 0, 1, 0, -1, 0, 0, 0, 0)
shape = SubResource("CapsuleShape3D_e27pv")
disabled = true

[node name="Physical Bone LFinger42" type="PhysicalBone3D" parent="Astronaut_Armature/Skeleton3D" index="22"]
transform = Transform3D(-0.195764, 0.274351, -0.941492, -0.941492, 0.216013, 0.25871, 0.274352, 0.937054, 0.216011, 1.08311, 1.87716, -0.0949274)
joint_type = 1
joint_offset = Transform3D(1, 0, 0, 0, 1, 0, 0, 0, 1, 1.50099e-06, -9.72983e-07, 0.0112674)
body_offset = Transform3D(1, 0, -6.25476e-06, -6.87689e-06, 2.30968e-06, -0.999999, 5.96046e-08, 1, 1.71363e-06, -1.43051e-06, 0.0112674, 9.53674e-07)
bone_name = "LFinger42"
joint_constraints/bias = 0.3
joint_constraints/damping = 1.0
joint_constraints/impulse_clamp = 0.0

[node name="CollisionShape3D" type="CollisionShape3D" parent="Astronaut_Armature/Skeleton3D/Physical Bone LFinger42" index="0"]
transform = Transform3D(1, 0, 0, 0, 0, 1, 0, -1, 0, 0, 0, 0)
shape = SubResource("CapsuleShape3D_f2jo3")
disabled = true

[node name="Physical Bone LFinger0" type="PhysicalBone3D" parent="Astronaut_Armature/Skeleton3D" index="23"]
transform = Transform3D(0.200701, -0.60265, -0.772355, -0.77235, -0.582338, 0.253686, -0.602655, 0.545614, -0.582333, 0.95374, 1.87268, 0.0108637)
joint_type = 1
joint_offset = Transform3D(1, 0, 0, 0, 1, 0, 0, 0, 1, 7.40975e-06, 3.6172e-05, 0.0314895)
body_offset = Transform3D(1, 0, -5.96046e-07, -2.38419e-07, -1.49012e-06, -1, 0, 1, -1.63913e-06, -7.39098e-06, 0.0314895, -3.61204e-05)
bone_name = "LFinger0"
joint_constraints/bias = 0.3
joint_constraints/damping = 1.0
joint_constraints/impulse_clamp = 0.0

[node name="CollisionShape3D" type="CollisionShape3D" parent="Astronaut_Armature/Skeleton3D/Physical Bone LFinger0" index="0"]
transform = Transform3D(1, 0, 0, 0, 0, 1, 0, -1, 0, 0, 0, 0)
shape = SubResource("CapsuleShape3D_p5abx")
disabled = true

[node name="Physical Bone LFinger01" type="PhysicalBone3D" parent="Astronaut_Armature/Skeleton3D" index="24"]
transform = Transform3D(0.158152, -0.606511, -0.779187, -0.779182, -0.561371, 0.278815, -0.606518, 0.563033, -0.561365, 0.994052, 1.85894, 0.0407507)
joint_type = 1
joint_offset = Transform3D(1, 0, 0, 0, 1, 0, 0, 0, 1, 4.55399e-07, 1.42316e-06, 0.0205523)
body_offset = Transform3D(1, 2.98023e-08, 1.04308e-06, 9.23872e-07, 1.07288e-06, -1, 5.96046e-08, 1, 3.57628e-07, -4.76837e-07, 0.0205524, -1.43051e-06)
bone_name = "LFinger01"
joint_constraints/bias = 0.3
joint_constraints/damping = 1.0
joint_constraints/impulse_clamp = 0.0

[node name="CollisionShape3D" type="CollisionShape3D" parent="Astronaut_Armature/Skeleton3D/Physical Bone LFinger01" index="0"]
transform = Transform3D(1, 0, 0, 0, 0, 1, 0, -1, 0, 0, 0, 0)
shape = SubResource("CapsuleShape3D_1aoq6")
disabled = true

[node name="Physical Bone LFinger02" type="PhysicalBone3D" parent="Astronaut_Armature/Skeleton3D" index="25"]
transform = Transform3D(0.133226, -0.593858, -0.793704, -0.793697, -0.543554, 0.273213, -0.593545, 0.593284, -0.543496, 1.02184, 1.84915, 0.060353)
joint_type = 1
joint_offset = Transform3D(1, 0, 0, 0, 1, 0, 0, 0, 1, 9.69915e-07, 7.566e-07, 0.0148374)
body_offset = Transform3D(1, 0.000159115, -1.10269e-06, -5.06639e-07, -0.000388443, -1, 0, 1.00005, 5.24521e-06, -9.53674e-07, 0.0148374, -8.34465e-07)
bone_name = "LFinger02"
joint_constraints/bias = 0.3
joint_constraints/damping = 1.0
joint_constraints/impulse_clamp = 0.0

[node name="CollisionShape3D" type="CollisionShape3D" parent="Astronaut_Armature/Skeleton3D/Physical Bone LFinger02" index="0"]
transform = Transform3D(1, 0, 0, 0, 0, 1, 0, -1, 0, 0, 0, 0)
shape = SubResource("CapsuleShape3D_1e275")
disabled = true

[node name="Physical Bone RClavicle" type="PhysicalBone3D" parent="Astronaut_Armature/Skeleton3D" index="26"]
transform = Transform3D(0.309325, -0.259095, 0.914981, 0.914979, 0.343243, -0.212129, -0.259099, 0.902804, 0.343239, -0.124572, 1.87928, 0.0129817)
joint_type = 1
joint_offset = Transform3D(1, 0, 0, 0, 1, 0, 0, 0, 1, 2.6461e-06, -1.25672e-06, 0.101746)
body_offset = Transform3D(1, -5.96046e-08, -2.30968e-07, 1.63913e-07, 2.98023e-08, -1, -1.49012e-08, 1, -5.36442e-07, -2.6226e-06, 0.101746, 1.3113e-06)
bone_name = "RClavicle"
joint_constraints/bias = 0.3
joint_constraints/damping = 1.0
joint_constraints/impulse_clamp = 0.0

[node name="CollisionShape3D" type="CollisionShape3D" parent="Astronaut_Armature/Skeleton3D/Physical Bone RClavicle" index="0"]
transform = Transform3D(1, 0, 0, 0, 0, 1, 0, -1, 0, 0, 0, 0)
shape = SubResource("CapsuleShape3D_42mi3")
disabled = true

[node name="Physical Bone RShoulder" type="PhysicalBone3D" parent="Astronaut_Armature/Skeleton3D" index="27"]
transform = Transform3D(-0.00362776, -0.00908833, 0.999952, 0.999952, 0.00905407, 0.00371002, -0.00908819, 0.999863, 0.00905556, -0.404558, 1.90017, -0.0236299)
joint_type = 1
joint_offset = Transform3D(1, 0, 0, 0, 1, 0, 0, 0, 1, -4.78422e-07, 1.91499e-09, 0.186917)
body_offset = Transform3D(1, -4.31202e-07, 8.47649e-09, 9.57516e-09, 8.75443e-08, -1, 9.31323e-10, 0.999946, -1.02445e-08, 4.76837e-07, 0.186917, 0)
bone_name = "RShoulder"
joint_constraints/bias = 0.3
joint_constraints/damping = 1.0
joint_constraints/impulse_clamp = 0.0

[node name="CollisionShape3D" type="CollisionShape3D" parent="Astronaut_Armature/Skeleton3D/Physical Bone RShoulder" index="0"]
transform = Transform3D(1, 0, 0, 0, 0, 1, 0, -1, 0, 0, 0, 0)
shape = SubResource("CapsuleShape3D_ha8l4")
disabled = true

[node name="Physical Bone RForearm" type="PhysicalBone3D" parent="Astronaut_Armature/Skeleton3D" index="28"]
transform = Transform3D(0.00307112, -0.00623725, 0.999976, 0.999976, 0.00625621, -0.00303129, -0.00623707, 0.999961, 0.00625642, -0.747388, 1.89995, -0.0263011)
joint_type = 1
joint_offset = Transform3D(1, 0, 0, 0, 1, 0, 0, 0, 1, -4.85607e-08, 3.02866e-06, 0.155925)
body_offset = Transform3D(1, 0, 3.11436e-07, -5.37595e-07, -4.65661e-10, -1, -2.79397e-09, 1, 0, 0, 0.155925, -3.02866e-06)
bone_name = "RForearm"
joint_constraints/bias = 0.3
joint_constraints/damping = 1.0
joint_constraints/impulse_clamp = 0.0

[node name="CollisionShape3D" type="CollisionShape3D" parent="Astronaut_Armature/Skeleton3D/Physical Bone RForearm" index="0"]
transform = Transform3D(1, 0, 0, 0, 0, 1, 0, -1, 0, 0, 0, 0)
shape = SubResource("CapsuleShape3D_6wuw5")
disabled = true

[node name="Physical Bone RHand" type="PhysicalBone3D" parent="Astronaut_Armature/Skeleton3D" index="29"]
transform = Transform3D(-0.0171448, -0.279046, 0.960124, -0.969737, -0.229308, -0.0839607, 0.243603, -0.932514, -0.266671, -0.966772, 1.90604, -0.00974674)
joint_type = 1
joint_offset = Transform3D(1, 0, 0, 0, 1, 0, 0, 0, 1, 8.8538e-05, -7.81622e-05, 0.0660788)
body_offset = Transform3D(-0.978684, -0.195034, -0.0645109, -1.61119e-07, 0.314036, -0.949411, 0.205436, -0.929179, -0.307342, 0.00433421, 0.0627605, 0.020218)
bone_name = "RHand"
joint_constraints/bias = 0.3
joint_constraints/damping = 1.0
joint_constraints/impulse_clamp = 0.0

[node name="CollisionShape3D" type="CollisionShape3D" parent="Astronaut_Armature/Skeleton3D/Physical Bone RHand" index="0"]
transform = Transform3D(1, 0, 0, 0, 0, 1, 0, -1, 0, 0, 0, 0)
shape = SubResource("CapsuleShape3D_30k20")
disabled = true

[node name="Physical Bone RFinger1" type="PhysicalBone3D" parent="Astronaut_Armature/Skeleton3D" index="30"]
transform = Transform3D(-0.196375, 0.21081, 0.957599, 0.957597, -0.168739, 0.233521, 0.210813, 0.962853, -0.168735, -1.05321, 1.90571, 0.011964)
joint_type = 1
joint_offset = Transform3D(1, 0, 0, 0, 1, 0, 0, 0, 1, -6.95869e-07, -7.35064e-09, 0.0246647)
body_offset = Transform3D(0.999999, 0, -7.86036e-07, -3.42727e-07, 1.63913e-07, -1, 1.49012e-08, 1, 2.98023e-07, 7.15256e-07, 0.0246647, 0)
bone_name = "RFinger1"
joint_constraints/bias = 0.3
joint_constraints/damping = 1.0
joint_constraints/impulse_clamp = 0.0

[node name="CollisionShape3D" type="CollisionShape3D" parent="Astronaut_Armature/Skeleton3D/Physical Bone RFinger1" index="0"]
transform = Transform3D(1, 0, 0, 0, 0, 1, 0, -1, 0, 0, 0, 0)
shape = SubResource("CapsuleShape3D_83aok")
disabled = true

[node name="Physical Bone RFinger11" type="PhysicalBone3D" parent="Astronaut_Armature/Skeleton3D" index="31"]
transform = Transform3D(-0.196422, 0.216309, 0.957572, 0.957622, -0.175809, 0.233595, 0.210908, 0.999884, -0.168788, -1.09296, 1.89601, 0.0189678)
joint_type = 1
joint_offset = Transform3D(1, 0, 0, 0, 1, 0, 0, 0, 1, 5.75198e-08, 9.66429e-10, 0.0168388)
body_offset = Transform3D(1.00005, 2.83569e-05, -3.41609e-06, -1.25766e-05, 0.00270507, -1, 8.85129e-06, 1.03801, -5.96046e-08, 0, 0.0168388, 0)
bone_name = "RFinger11"
joint_constraints/bias = 0.3
joint_constraints/damping = 1.0
joint_constraints/impulse_clamp = 0.0

[node name="CollisionShape3D" type="CollisionShape3D" parent="Astronaut_Armature/Skeleton3D/Physical Bone RFinger11" index="0"]
transform = Transform3D(1, 0, 0, 0, 0, 1, 0, -1, 0, 0, 0, 0)
shape = SubResource("CapsuleShape3D_kutrq")
disabled = true

[node name="Physical Bone RFinger12" type="PhysicalBone3D" parent="Astronaut_Armature/Skeleton3D" index="32"]
transform = Transform3D(-0.249771, 0.208529, 0.946892, 0.946875, -0.156704, 0.282658, 0.202703, 0.995419, -0.15357, -1.12056, 1.88867, 0.0236732)
joint_type = 1
joint_offset = Transform3D(1, 0, 0, 0, 1, 0, 0, 0, 1, -1.70199e-05, 1.29436e-06, 0.0121189)
body_offset = Transform3D(1.00002, 0.00130932, 7.50273e-06, 2.64496e-07, -0.000294015, -1.00004, 2.04146e-06, 1.02903, 7.59959e-07, 1.69277e-05, 0.0121194, -1.3411e-06)
bone_name = "RFinger12"
joint_constraints/bias = 0.3
joint_constraints/damping = 1.0
joint_constraints/impulse_clamp = 0.0

[node name="CollisionShape3D" type="CollisionShape3D" parent="Astronaut_Armature/Skeleton3D/Physical Bone RFinger12" index="0"]
transform = Transform3D(1, 0, 0, 0, 0, 1, 0, -1, 0, 0, 0, 0)
shape = SubResource("CapsuleShape3D_2m0yl")
disabled = true

[node name="Physical Bone RFinger2" type="PhysicalBone3D" parent="Astronaut_Armature/Skeleton3D" index="33"]
transform = Transform3D(0.0028203, -0.00589783, 0.999979, 0.999978, 0.00591599, -0.00278221, -0.00589743, 1.00002, 0.005914, -1.06069, 1.91326, -0.0243924)
joint_type = 1
joint_offset = Transform3D(1, 0, 0, 0, 1, 0, 0, 0, 1, -1.03208e-07, 1.1624e-08, 0.0292041)
body_offset = Transform3D(1, 1.76765e-06, -5.47923e-07, -3.81254e-06, 1.49943e-07, -1, -1.62981e-07, 1.00005, -1.53668e-08, 1.19209e-07, 0.0292041, -1.11759e-08)
bone_name = "RFinger2"
joint_constraints/bias = 0.3
joint_constraints/damping = 1.0
joint_constraints/impulse_clamp = 0.0

[node name="CollisionShape3D" type="CollisionShape3D" parent="Astronaut_Armature/Skeleton3D/Physical Bone RFinger2" index="0"]
transform = Transform3D(1, 0, 0, 0, 0, 1, 0, -1, 0, 0, 0, 0)
shape = SubResource("CapsuleShape3D_78anr")
disabled = true

[node name="Physical Bone RFinger21" type="PhysicalBone3D" parent="Astronaut_Armature/Skeleton3D" index="34"]
transform = Transform3D(0.00309744, -0.00611237, 0.999977, 1.00712, 0.00615442, -0.00303981, -0.00611281, 1.00598, 0.00608576, -1.10608, 1.91339, -0.0246636)
joint_type = 1
joint_offset = Transform3D(1, 0, 0, 0, 1, 0, 0, 0, 1, -2.4252e-08, 2.34596e-09, 0.0161874)
body_offset = Transform3D(1.00715, 3.20482e-05, 1.50891e-06, 2.77394e-06, 8.8471e-06, -1, -2.40421e-06, 1.00602, -3.07336e-08, 0, 0.0161874, -1.86265e-09)
bone_name = "RFinger21"
joint_constraints/bias = 0.3
joint_constraints/damping = 1.0
joint_constraints/impulse_clamp = 0.0

[node name="CollisionShape3D" type="CollisionShape3D" parent="Astronaut_Armature/Skeleton3D/Physical Bone RFinger21" index="0"]
transform = Transform3D(1, 0, 0, 0, 0, 1, 0, -1, 0, 0, 0, 0)
shape = SubResource("CapsuleShape3D_1e3oh")
disabled = true

[node name="Physical Bone RFinger22" type="PhysicalBone3D" parent="Astronaut_Armature/Skeleton3D" index="35"]
transform = Transform3D(-0.0704411, 0.00146018, 1.0008, 0.997559, -0.00136059, 0.0713336, 0.00148519, 0.999997, -0.00136209, -1.1368, 1.91241, -0.0247423)
joint_type = 1
joint_offset = Transform3D(1, 0, 0, 0, 1, 0, 0, 0, 1, -9.5133e-06, -2.77685e-08, 0.0145276)
body_offset = Transform3D(1.00004, -4.65661e-10, 0.00066308, 2.85559e-06, -2.51457e-08, -1.00334, 2.49823e-05, 1, 2.05601e-06, -1.19209e-07, 0.014576, -1.86265e-09)
bone_name = "RFinger22"
joint_constraints/bias = 0.3
joint_constraints/damping = 1.0
joint_constraints/impulse_clamp = 0.0

[node name="CollisionShape3D" type="CollisionShape3D" parent="Astronaut_Armature/Skeleton3D/Physical Bone RFinger22" index="0"]
transform = Transform3D(1, 0, 0, 0, 0, 1, 0, -1, 0, 0, 0, 0)
shape = SubResource("CapsuleShape3D_x8k2j")
disabled = true

[node name="Physical Bone RFinger3" type="PhysicalBone3D" parent="Astronaut_Armature/Skeleton3D" index="36"]
transform = Transform3D(-0.0463535, -0.0654955, 0.996775, 0.996772, 0.0623929, 0.0504575, -0.065496, 0.9959, 0.0623922, -1.05128, 1.9076, -0.057669)
joint_type = 1
joint_offset = Transform3D(1, 0, 0, 0, 1, 0, 0, 0, 1, -2.70432e-06, 1.86341e-07, 0.0265869)
body_offset = Transform3D(0.999996, 0, -1.41049e-06, -5.60284e-06, -4.88013e-07, -1, -1.93715e-07, 1, -2.83122e-07, 2.74181e-06, 0.0265869, -1.78814e-07)
bone_name = "RFinger3"
joint_constraints/bias = 0.3
joint_constraints/damping = 1.0
joint_constraints/impulse_clamp = 0.0

[node name="CollisionShape3D" type="CollisionShape3D" parent="Astronaut_Armature/Skeleton3D/Physical Bone RFinger3" index="0"]
transform = Transform3D(1, 0, 0, 0, 0, 1, 0, -1, 0, 0, 0, 0)
shape = SubResource("CapsuleShape3D_giamm")
disabled = true

[node name="Physical Bone RFinger31" type="PhysicalBone3D" parent="Astronaut_Armature/Skeleton3D" index="37"]
transform = Transform3D(-0.0459964, -0.0657143, 0.996778, 0.996778, 0.0626227, 0.0501248, -0.0657148, 0.995871, 0.0626222, -1.09288, 1.90549, -0.0602759)
joint_type = 1
joint_offset = Transform3D(1, 0, 0, 0, 1, 0, 0, 0, 1, -2.92328e-08, 5.58696e-09, 0.0151489)
body_offset = Transform3D(1, 7.45058e-09, 1.9297e-06, 1.93482e-06, -3.53903e-07, -1, 0, 1, -3.68804e-07, 0, 0.0151489, 0)
bone_name = "RFinger31"
joint_constraints/bias = 0.3
joint_constraints/damping = 1.0
joint_constraints/impulse_clamp = 0.0

[node name="CollisionShape3D" type="CollisionShape3D" parent="Astronaut_Armature/Skeleton3D/Physical Bone RFinger31" index="0"]
transform = Transform3D(1, 0, 0, 0, 0, 1, 0, -1, 0, 0, 0, 0)
shape = SubResource("CapsuleShape3D_llwdx")
disabled = true

[node name="Physical Bone RFinger32" type="PhysicalBone3D" parent="Astronaut_Armature/Skeleton3D" index="38"]
transform = Transform3D(-0.119394, -0.0529261, 0.991435, 0.991439, 0.0468897, 0.121897, -0.0529341, 0.997496, 0.0468825, -1.12133, 1.90309, -0.0618559)
joint_type = 1
joint_offset = Transform3D(1, 0, 0, 0, 1, 0, 0, 0, 1, -1.48637e-07, 1.13894e-08, 0.0134671)
body_offset = Transform3D(1, 5.69969e-06, 1.10371e-05, 1.09989e-05, -7.71135e-06, -1, 1.11759e-08, 1, 2.6077e-07, 0, 0.0134671, -1.49012e-08)
bone_name = "RFinger32"
joint_constraints/bias = 0.3
joint_constraints/damping = 1.0
joint_constraints/impulse_clamp = 0.0

[node name="CollisionShape3D" type="CollisionShape3D" parent="Astronaut_Armature/Skeleton3D/Physical Bone RFinger32" index="0"]
transform = Transform3D(1, 0, 0, 0, 0, 1, 0, -1, 0, 0, 0, 0)
shape = SubResource("CapsuleShape3D_umxjd")
disabled = true

