[gd_scene load_steps=9 format=3 uid="uid://n0phtyayp8kf"]

[ext_resource type="Script" path="res://Scripts/Player.gd" id="1_3yuwh"]
[ext_resource type="PackedScene" uid="uid://dxd7h6vgkpuml" path="res://Scenes/AstronautRigged.tscn" id="2_qavmf"]

[sub_resource type="CapsuleShape3D" id="CapsuleShape3D_f73jh"]
radius = 0.35

[sub_resource type="CapsuleMesh" id="CapsuleMesh_uprxv"]
radius = 0.35

[sub_resource type="TorusMesh" id="TorusMesh_240fi"]
inner_radius = 0.005
outer_radius = 0.01

[sub_resource type="TorusMesh" id="TorusMesh_1snni"]
inner_radius = 0.16
outer_radius = 0.17

[sub_resource type="BoxMesh" id="BoxMesh_2moca"]
size = Vector3(0.005, 0.005, 0.1)

[sub_resource type="SceneReplicationConfig" id="SceneReplicationConfig_8f403"]
properties/0/path = NodePath(".:position")
properties/0/spawn = true
properties/0/sync = true
properties/1/path = NodePath(".:rotation")
properties/1/spawn = true
properties/1/sync = true
properties/2/path = NodePath(".:linear_velocity")
properties/2/spawn = true
properties/2/sync = true
properties/3/path = NodePath(".:angular_velocity")
properties/3/spawn = true
properties/3/sync = true

[node name="RigidBody3D" type="RigidBody3D"]
mass = 80.0
gravity_scale = 0.0
script = ExtResource("1_3yuwh")

[node name="CollisionShape3D" type="CollisionShape3D" parent="."]
transform = Transform3D(1, 0, 0, 0, 1, 0, 0, 0, 1, 0, -0.5, 0)
shape = SubResource("CapsuleShape3D_f73jh")

[node name="MeshInstance3D" type="MeshInstance3D" parent="CollisionShape3D"]
visible = false
mesh = SubResource("CapsuleMesh_uprxv")
skeleton = NodePath("")

[node name="AstronautRigged" parent="." instance=ExtResource("2_qavmf")]
transform = Transform3D(1, 0, 0, 0, 1, 0, 0, 0, 1, 0, -1.5, 0)

[node name="Physical Bone Hip" parent="AstronautRigged/Astronaut_Armature/Skeleton3D" index="1"]
transform = Transform3D(1, -3.79985e-05, -5.69145e-12, 1.80847e-05, 0.475931, -0.879483, 3.3419e-05, 0.879483, 0.475931, 5.7267e-07, 1.24542, 0.00292889)
joint_offset = Transform3D(1, 0, 0, 0, 1, 0, 0, 0, 1, -5.72675e-07, -1.49012e-07, 0.069653)
body_offset = Transform3D(1, -3.6376e-05, -4.96517e-06, -1.81899e-12, 0.135242, -0.990813, 3.67133e-05, 0.990813, 0.135242, 9.18509e-07, 0.0690132, -0.00941986)

[node name="Physical Bone LowerSpine" parent="AstronautRigged/Astronaut_Armature/Skeleton3D" index="2"]
transform = Transform3D(1, 2.6958e-11, -9.93e-10, 2.75044e-12, -0.0521655, -0.998638, -2.71427e-11, 0.998638, -0.0521655, -3.12531e-10, 1.36259, -0.0273011)
joint_offset = Transform3D(1, 0, 0, 0, 1, 0, 0, 0, 1, 3.68255e-10, -2.07119e-09, 0.0559796)
body_offset = Transform3D(1, 0, -9.92858e-10, 7.81597e-14, 3.72529e-09, -1, -1.42109e-14, 1, 3.72529e-09, -3.12675e-10, 0.0559796, 1.86265e-09)

[node name="Physical Bone MiddleSpine" parent="AstronautRigged/Astronaut_Armature/Skeleton3D" index="3"]
transform = Transform3D(1, 2.56222e-11, -4.29878e-13, -4.62508e-12, 0.21727, -0.976111, -2.52953e-11, 0.976112, 0.217271, 1.81632e-13, 1.48766, -0.0397784)
joint_offset = Transform3D(1, 0, 0, 0, 1, 0, 0, 0, 1, 1.71691e-15, 7.02233e-08, 0.0708675)
body_offset = Transform3D(1, -1.7053e-13, 7.10543e-15, 0, -7.89762e-07, -1, 0, 1, -4.47035e-08, -2.22045e-15, 0.0708675, -6.70552e-08)

[node name="Physical Bone Chest" parent="AstronautRigged/Astronaut_Armature/Skeleton3D" index="4"]
transform = Transform3D(1, 1.7053e-13, -8.86991e-09, 9.12869e-13, 0.020793, -0.999788, 7.95808e-13, 0.999783, 0.0207918, 2.93987e-13, 1.71272, -0.0584176)
joint_offset = Transform3D(1, 0, 0, 0, 1, 0, 0, 0, 1, 1.38288e-09, 1.22935e-07, 0.155916)
body_offset = Transform3D(1, -2.27232e-11, -8.87495e-09, 1.81188e-13, 0.233808, -0.972287, 2.45279e-11, 0.972282, 0.233808, 8.65086e-13, 0.151595, -0.0364545)

[node name="Physical Bone Neck" parent="AstronautRigged/Astronaut_Armature/Skeleton3D" index="5"]
transform = Transform3D(1, 2.31353e-11, 1.66978e-13, 7.08206e-12, -0.262464, -0.964942, -2.29505e-11, 0.964942, -0.262465, -1.75664e-09, 1.95663, -0.0377159)
joint_offset = Transform3D(1, 0, 0, 0, 1, 0, 0, 0, 1, 1.75698e-09, 1.49613e-07, 0.0912268)
body_offset = Transform3D(1, -2.55795e-13, 6.11067e-13, -5.32907e-14, 6.55651e-07, -1, -4.26326e-14, 1, 2.38419e-07, -1.75704e-09, 0.0912268, -1.71363e-07)

[node name="CameraFirstPerson_fixer" type="Node3D" parent="AstronautRigged/Astronaut_Armature/Skeleton3D/Physical Bone Neck" index="1"]
transform = Transform3D(-1, 7.26206e-08, 1.51018e-07, -1.64784e-07, -0.262465, -0.964942, -3.04378e-08, -0.964942, 0.262465, 3.63978e-09, 1.24574e-05, -0.0911834)

[node name="CameraFirstPerson_joint" type="Node3D" parent="AstronautRigged/Astronaut_Armature/Skeleton3D/Physical Bone Neck/CameraFirstPerson_fixer"]
transform = Transform3D(1, 0, 0, 0, 1, 0, 0, 0, 0.999999, 1.56675e-12, 0, 6.51926e-09)

[node name="CameraFirstPerson" type="Camera3D" parent="AstronautRigged/Astronaut_Armature/Skeleton3D/Physical Bone Neck/CameraFirstPerson_fixer/CameraFirstPerson_joint"]
transform = Transform3D(1.19048, 8.65354e-08, -1.24827e-10, -8.65341e-08, 1.19048, 2.4559e-05, 1.26939e-10, -2.46435e-05, 1.19048, 1.50856e-08, 0.207851, -0.109184)
fov = 90.0
near = 0.01

[node name="Physical Bone Head" parent="AstronautRigged/Astronaut_Armature/Skeleton3D" index="6"]
transform = Transform3D(1, -7.66704e-08, -5.13872e-06, -5.13943e-06, -0.0298401, -0.999606, -8.75131e-08, 0.999575, -0.0299016, 6.4038e-07, 2.16934, -0.0100563)
joint_offset = Transform3D(1, 0, 0, 0, 1, 0, 0, 0, 1, 5.91582e-10, 1.38454e-05, 0.124733)
body_offset = Transform3D(1, 1.54898e-12, 9.7924e-10, -3.19377e-10, -9.31323e-08, -1.00005, -1.07865e-08, 1.00002, -6.06328e-05, -7.13726e-10, 0.12474, -6.2827e-06)

[node name="CameraThirdPerson" type="Camera3D" parent="AstronautRigged/Astronaut_Armature/Skeleton3D/Physical Bone Head" index="1"]
transform = Transform3D(-1.19048, -5.84821e-06, -1.81737e-06, -9.74427e-08, 0.369635, -1.13162, 6.12382e-06, -1.1316, -0.369646, -1.66476e-06, -2.32051, -0.232941)

[node name="Physical Bone LClavicle" parent="AstronautRigged/Astronaut_Armature/Skeleton3D" index="7"]
transform = Transform3D(0.309339, 0.259087, -0.914978, -0.914996, 0.343247, -0.212128, 0.259097, 0.90278, 0.343243, 0.124546, 1.87928, 0.0129888)
joint_offset = Transform3D(1, 0, 0, 0, 1, 0, 0, 0, 1, 1.06087e-07, -1.50402e-07, 0.101719)
body_offset = Transform3D(1.00002, -9.20892e-06, -6.03497e-07, 8.08388e-06, -1.57952e-06, -1, -7.15256e-06, 0.999978, -5.96046e-08, -4.47035e-08, 0.101719, 1.56462e-07)

[node name="Physical Bone LShoulder" parent="AstronautRigged/Astronaut_Armature/Skeleton3D" index="8"]
transform = Transform3D(-0.00362811, 0.00909879, -0.999952, -0.999952, 0.00905399, 0.00370518, 0.00908861, 1.00014, 0.00905563, 0.404526, 1.90017, -0.0238152)
joint_offset = Transform3D(1, 0, 0, 0, 1, 0, 0, 0, 1, 1.80576e-06, 0.00019684, 0.18692)
body_offset = Transform3D(1, 3.05474e-06, 4.40666e-06, -8.66348e-07, 7.9684e-06, -1, 3.22238e-07, 1.00022, 5.02914e-08, -2.63005e-06, 0.18692, -0.000196893)

[node name="Physical Bone LForearm" parent="AstronautRigged/Astronaut_Armature/Skeleton3D" index="9"]
transform = Transform3D(0.00307059, 0.00623741, -0.999976, -0.999975, 0.00625624, -0.00303153, 0.00623624, 0.999961, 0.00625648, 0.747354, 1.89995, -0.0262865)
joint_offset = Transform3D(1, 0, 0, 0, 1, 0, 0, 0, 1, 1.16695e-06, -5.90253e-09, 0.155924)
body_offset = Transform3D(1, -9.31323e-10, -2.21029e-07, -2.0568e-07, -4.19095e-09, -1, -8.54954e-07, 1, 1.39698e-08, -1.13249e-06, 0.155924, 3.72529e-09)

[node name="Physical Bone LHand" parent="AstronautRigged/Astronaut_Armature/Skeleton3D" index="10"]
transform = Transform3D(-0.0171454, 0.279045, -0.960106, 0.969728, -0.229299, -0.0839602, -0.243583, -0.932516, -0.266671, 0.966419, 1.90594, -0.00967795)
joint_offset = Transform3D(1, 0, 0, 0, 1, 0, 0, 0, 1, 1.1351e-05, 4.23267e-05, 0.0657808)
body_offset = Transform3D(-0.978675, 0.195026, 0.0645094, 5.86733e-08, 0.314035, -0.949393, -0.205417, -0.929181, -0.307341, -0.00424062, 0.0624385, 0.0202588)

[node name="Physical Bone LFinger1" parent="AstronautRigged/Astronaut_Armature/Skeleton3D" index="11"]
transform = Transform3D(-0.196381, -0.210814, -0.957615, -0.957597, -0.168738, 0.233529, -0.210814, 0.962852, -0.168743, 1.05318, 1.9057, 0.0119759)
joint_offset = Transform3D(1, 0, 0, 0, 1, 0, 0, 0, 1, 7.66528e-07, -3.43375e-08, 0.0246655)
body_offset = Transform3D(1, 6.10948e-07, -2.07871e-06, -6.12065e-06, -3.8296e-06, -1.00002, 1.49012e-08, 1, -4.64916e-06, -7.15256e-07, 0.024666, 1.49012e-07)

[node name="Physical Bone LFinger11" parent="AstronautRigged/Astronaut_Armature/Skeleton3D" index="12"]
transform = Transform3D(-0.196561, -0.210965, -0.957572, -0.957684, -0.168807, 0.233592, -0.210947, 0.962807, -0.168789, 1.09293, 1.89601, 0.0189791)
joint_offset = Transform3D(1, 0, 0, 0, 1, 0, 0, 0, 1, 1.26549e-06, 6.19138e-07, 0.0168386)
body_offset = Transform3D(1.00015, 3.56883e-05, 2.70829e-06, -0.000116438, -7.20471e-05, -1, -5.93066e-06, 1, -1.37091e-06, -1.3113e-06, 0.0168386, -5.96046e-07)

[node name="Physical Bone LFinger12" parent="AstronautRigged/Astronaut_Armature/Skeleton3D" index="13"]
transform = Transform3D(-0.260102, -0.209832, -0.947198, -0.989365, -0.166171, 0.282721, -0.211719, 1.05112, -0.153657, 1.12052, 1.88865, -0.300721)
joint_offset = Transform3D(1, 0, 0, 0, 1, 0, 0, 0, 1, -0.062026, 0.289256, -0.0349327)
body_offset = Transform3D(1.04466, -0.00331044, 2.69953e-05, 0.000841614, 0.00970206, -1.00036, -0.000102505, 1.08462, -3.1352e-05, 0.0657548, -0.0376995, -0.313739)

[node name="Physical Bone LFinger2" parent="AstronautRigged/Astronaut_Armature/Skeleton3D" index="14"]
transform = Transform3D(0.00281542, 0.00590143, -1.00178, -0.999978, 0.00591378, -0.00278369, 0.00589722, 0.999967, 0.00594737, 1.06065, 1.91325, -0.0243808)
joint_offset = Transform3D(1, 0, 0, 0, 1, 0, 0, 0, 1, 2.06158e-08, -6.67875e-07, 0.0291516)
body_offset = Transform3D(1, 8.00937e-08, -3.00742e-06, -1.30395e-06, 3.85055e-06, -1.0018, 1.86265e-09, 1, 2.26549e-05, 6.70552e-08, 0.0292041, 7.45058e-09)

[node name="Physical Bone LFinger21" parent="AstronautRigged/Astronaut_Armature/Skeleton3D" index="15"]
transform = Transform3D(0.00307915, 0.00606712, -0.999977, -0.999976, 0.00608578, -0.00304756, 0.00606709, 0.999963, 0.00608601, 1.10604, 1.91338, -0.0246521)
joint_offset = Transform3D(1, 0, 0, 0, 1, 0, 0, 0, 1, -8.38902e-08, 8.97546e-09, 0.016188)
body_offset = Transform3D(1, -4.65661e-10, 2.42072e-06, -2.94705e-06, -2.98023e-08, -1, -1.86265e-09, 1, 2.50991e-07, 4.47035e-08, 0.016188, -1.30385e-08)

[node name="Physical Bone LFinger22" parent="AstronautRigged/Astronaut_Armature/Skeleton3D" index="16"]
transform = Transform3D(-0.0704392, -0.00145981, -0.997515, -0.997515, -0.00136034, 0.0704399, -0.00145988, 0.999998, -0.00138477, 1.13677, 1.91241, -0.0247307)
joint_offset = Transform3D(1, 0, 0, 0, 1, 0, 0, 0, 1, 2.5007e-07, 3.66681e-07, 0.014576)
body_offset = Transform3D(1, -2.32831e-10, -2.844e-06, -4.24327e-06, -1.74623e-09, -1, 2.79397e-09, 1, -2.43898e-05, -2.08616e-07, 0.014576, -1.11759e-08)

[node name="Physical Bone LFinger3" parent="AstronautRigged/Astronaut_Armature/Skeleton3D" index="17"]
transform = Transform3D(-0.0466507, 0.0654991, -0.996795, -1.00188, 0.0623963, 0.0504637, 0.0659301, 0.99593, 0.0623991, 1.05124, 1.90759, -0.057657)
joint_offset = Transform3D(1, 0, 0, 0, 1, 0, 0, 0, 1, 1.71188e-06, -2.43104e-07, 0.0265846)
body_offset = Transform3D(1.00513, -1.98931e-06, -5.86966e-06, -6.242e-05, 1.12876e-06, -1.00002, 9.45628e-05, 1.00003, 5.91576e-06, -1.56462e-06, 0.0265851, 8.56817e-08)

[node name="Physical Bone LFinger31" parent="AstronautRigged/Astronaut_Armature/Skeleton3D" index="18"]
transform = Transform3D(-0.0459935, 0.0657145, -0.996778, -0.996799, 0.0626238, 0.0501214, 0.0657157, 0.995872, 0.0626224, 1.09284, 1.90549, -0.0602664)
joint_offset = Transform3D(1, 0, 0, 0, 1, 0, 0, 0, 1, 8.24947e-06, 1.55712e-06, 0.0151486)
body_offset = Transform3D(1.00002, -7.97212e-07, 1.35275e-06, 1.67964e-06, -4.84288e-07, -1, -4.47035e-07, 1, -4.88013e-07, -8.27014e-06, 0.0151486, -1.54972e-06)

[node name="Physical Bone LFinger32" parent="AstronautRigged/Astronaut_Armature/Skeleton3D" index="19"]
transform = Transform3D(-0.119377, 0.0529322, -0.991437, -0.991435, 0.0468824, 0.12188, 0.0529329, 0.997485, 0.0468824, 1.1213, 1.90309, -0.0618451)
joint_offset = Transform3D(1, 0, 0, 0, 1, 0, 0, 0, 1, 1.04685e-05, -1.135e-07, 0.0134735)
body_offset = Transform3D(0.999999, 5.96046e-08, 6.04824e-06, 5.84195e-06, -2.90573e-07, -1, 4.09782e-08, 0.999988, -7.00355e-07, -1.055e-05, 0.0134735, 1.22935e-07)

[node name="Physical Bone LFinger4" parent="AstronautRigged/Astronaut_Armature/Skeleton3D" index="20"]
transform = Transform3D(-0.11232, 0.307064, -0.945038, -0.945037, 0.260887, 0.197088, 0.307066, 0.915232, 0.260882, 1.0323, 1.88845, -0.0813916)
joint_offset = Transform3D(1, 0, 0, 0, 1, 0, 0, 0, 1, 7.90776e-07, -6.09385e-07, 0.0172494)
body_offset = Transform3D(1, -2.98023e-07, 1.66893e-06, 2.22027e-06, -1.13249e-06, -1, -8.9407e-08, 1, -2.68221e-06, -8.19564e-07, 0.0172494, 6.55651e-07)

[node name="Physical Bone LFinger41" parent="AstronautRigged/Astronaut_Armature/Skeleton3D" index="21"]
transform = Transform3D(-0.112007, 0.307144, -0.945048, -0.945048, 0.261033, 0.196843, 0.307146, 0.915163, 0.261029, 1.06055, 1.88256, -0.0891927)
joint_offset = Transform3D(1, 0, 0, 0, 1, 0, 0, 0, 1, 5.30964e-07, -9.261e-08, 0.0126483)
body_offset = Transform3D(1, -2.98023e-08, -7.45058e-07, -1.21444e-06, 3.27826e-07, -1, -2.02656e-06, 1, 2.5332e-07, -5.21541e-07, 0.0126483, 8.9407e-08)

[node name="Physical Bone LFinger42" parent="AstronautRigged/Astronaut_Armature/Skeleton3D" index="22"]
transform = Transform3D(-0.195764, 0.274351, -0.941492, -0.941492, 0.216013, 0.25871, 0.274352, 0.937054, 0.216011, 1.08311, 1.87716, -0.0949273)
joint_offset = Transform3D(1, 0, 0, 0, 1, 0, 0, 0, 1, 1.7096e-06, -1.03259e-06, 0.0112672)
body_offset = Transform3D(1, 0, -6.25476e-06, -6.87689e-06, 2.30968e-06, -0.999999, 5.96046e-08, 1, 1.71363e-06, -1.63913e-06, 0.0112672, 1.01328e-06)

[node name="Physical Bone LFinger0" parent="AstronautRigged/Astronaut_Armature/Skeleton3D" index="23"]
transform = Transform3D(0.200701, -0.60265, -0.772355, -0.77235, -0.582338, 0.253686, -0.602655, 0.545614, -0.582333, 0.95374, 1.87268, 0.0108637)
joint_offset = Transform3D(1, 0, 0, 0, 1, 0, 0, 0, 1, 7.43955e-06, 3.6172e-05, 0.0314895)
body_offset = Transform3D(1, 0, -5.96046e-07, -2.38419e-07, -1.49012e-06, -1, 0, 1, -1.63913e-06, -7.42078e-06, 0.0314895, -3.61204e-05)

[node name="Physical Bone LFinger01" parent="AstronautRigged/Astronaut_Armature/Skeleton3D" index="24"]
transform = Transform3D(0.158152, -0.606511, -0.779187, -0.779182, -0.561371, 0.278815, -0.606518, 0.563033, -0.561365, 0.994052, 1.85894, 0.0407507)
joint_offset = Transform3D(1, 0, 0, 0, 1, 0, 0, 0, 1, 4.25597e-07, 1.48277e-06, 0.0205524)
body_offset = Transform3D(1, 2.98023e-08, 1.04308e-06, 9.23872e-07, 1.07288e-06, -1, 5.96046e-08, 1, 3.57628e-07, -4.47035e-07, 0.0205524, -1.49012e-06)

[node name="Physical Bone LFinger02" parent="AstronautRigged/Astronaut_Armature/Skeleton3D" index="25"]
transform = Transform3D(0.133226, -0.594561, -0.793701, -0.793697, -0.543658, 0.273218, -0.593545, 0.592699, -0.5435, 1.02184, 1.84915, 0.060353)
joint_offset = Transform3D(1, 0, 0, 0, 1, 0, 0, 0, 1, 9.89034e-07, 9.23089e-07, 0.0148374)
body_offset = Transform3D(1, 0.000495434, -2.41399e-06, -5.06639e-07, -0.00123599, -1, 0, 1.00018, -1.96695e-06, -9.53674e-07, 0.0148374, -8.9407e-07)

[node name="Physical Bone RClavicle" parent="AstronautRigged/Astronaut_Armature/Skeleton3D" index="26"]
transform = Transform3D(0.309323, -0.259095, 0.91499, 0.914979, 0.343243, -0.212132, -0.2591, 0.902804, 0.34324, -0.124568, 1.87928, 0.0129819)
joint_offset = Transform3D(1, 0, 0, 0, 1, 0, 0, 0, 1, 1.38405e-06, -1.70852e-07, 0.101741)
body_offset = Transform3D(1, -5.96046e-08, -2.75671e-07, 1.46776e-06, 2.98023e-08, -1.00001, -3.8743e-07, 1, -2.86102e-06, -1.35601e-06, 0.101742, 4.61936e-07)

[node name="Physical Bone RShoulder" parent="AstronautRigged/Astronaut_Armature/Skeleton3D" index="27"]
transform = Transform3D(-0.00362776, -0.00908833, 0.999952, 0.999952, 0.00905395, 0.00371002, -0.00908819, 0.999863, 0.00905556, -0.404558, 1.90017, -0.0236299)
joint_offset = Transform3D(1, 0, 0, 0, 1, 0, 0, 0, 1, -5.00773e-07, -1.81051e-09, 0.186917)
body_offset = Transform3D(1, -5.47618e-07, 8.47649e-09, 9.57516e-09, 8.75443e-08, -1, 9.31323e-10, 0.999946, -1.02445e-08, 4.99189e-07, 0.186917, 3.72529e-09)

[node name="Physical Bone RForearm" parent="AstronautRigged/Astronaut_Armature/Skeleton3D" index="28"]
transform = Transform3D(0.00307112, -0.00623725, 0.999976, 0.999976, 0.00625621, -0.00303129, -0.00623707, 0.999961, 0.00625642, -0.747387, 1.89995, -0.026298)
joint_offset = Transform3D(1, 0, 0, 0, 1, 0, 0, 0, 1, -7.09122e-08, -1.98126e-16, 0.155924)
body_offset = Transform3D(1, 0, 3.11436e-07, -5.37595e-07, -4.65661e-10, -1, -2.79397e-09, 1, 0, 2.23517e-08, 0.155924, 0)

[node name="Physical Bone RHand" parent="AstronautRigged/Astronaut_Armature/Skeleton3D" index="29"]
transform = Transform3D(-0.0171447, -0.279046, 0.960125, -0.969737, -0.229308, -0.0839606, 0.243603, -0.932532, -0.266671, -0.966773, 1.90604, -0.00974685)
joint_offset = Transform3D(1, 0, 0, 0, 1, 0, 0, 0, 1, 8.86326e-05, -7.85813e-05, 0.0660798)
body_offset = Transform3D(-0.978684, -0.195034, -0.0645109, -2.20723e-07, 0.314037, -0.949411, 0.205436, -0.929198, -0.307342, 0.00433429, 0.0627616, 0.0202179)

[node name="Physical Bone RFinger1" parent="AstronautRigged/Astronaut_Armature/Skeleton3D" index="30"]
transform = Transform3D(-0.196375, 0.21081, 0.957599, 0.957595, -0.168739, 0.233521, 0.210812, 0.962853, -0.168735, -1.05321, 1.90571, 0.0119636)
joint_offset = Transform3D(1, 0, 0, 0, 1, 0, 0, 0, 1, -6.06463e-07, 3.20475e-07, 0.0246646)
body_offset = Transform3D(0.999997, 0, -7.86036e-07, 5.81145e-07, 1.63913e-07, -1, -1.04308e-07, 1, 2.98023e-07, 6.25849e-07, 0.0246646, -3.27826e-07)

[node name="Physical Bone RFinger11" parent="AstronautRigged/Astronaut_Armature/Skeleton3D" index="31"]
transform = Transform3D(-0.19642, 0.236202, 0.957572, 0.95813, -0.19726, 0.233595, 0.211081, 1.09085, -0.168788, -1.09296, 1.89601, 0.018968)
joint_offset = Transform3D(1, 0, 0, 0, 1, 0, 0, 0, 1, -1.51068e-07, -1.22497e-08, 0.0168395)
body_offset = Transform3D(1.00057, -0.0052353, -3.41609e-06, -0.000103705, 0.00402056, -1, 8.92729e-05, 1.13341, -5.96046e-08, 2.08616e-07, 0.0168395, 1.49012e-08)

[node name="Physical Bone RFinger12" parent="AstronautRigged/Astronaut_Armature/Skeleton3D" index="32"]
transform = Transform3D(-0.249782, 0.22402, 0.946936, 0.946911, -0.162476, 0.282684, 0.202718, 1.03631, -0.153573, -1.12056, 1.88867, 0.0236735)
joint_offset = Transform3D(1, 0, 0, 0, 1, 0, 0, 0, 1, -1.7587e-05, 1.35689e-06, 0.0121201)
body_offset = Transform3D(1.00006, 0.000263184, 2.00309e-05, 3.0119e-06, -0.00705057, -1.00009, 8.24034e-06, 1.0726, 2.87592e-06, 1.7345e-05, 0.0121212, -1.49012e-06)

[node name="Physical Bone RFinger2" parent="AstronautRigged/Astronaut_Armature/Skeleton3D" index="33"]
transform = Transform3D(0.0028203, -0.00589788, 0.999979, 0.999978, 0.00591602, -0.00278221, -0.00589743, 1.00002, 0.005914, -1.06069, 1.91326, -0.0243924)
joint_offset = Transform3D(1, 0, 0, 0, 1, 0, 0, 0, 1, -5.85042e-08, 1.1624e-08, 0.0292041)
body_offset = Transform3D(1, 1.80304e-06, -5.47923e-07, -3.81254e-06, 2.08151e-07, -1, -1.62981e-07, 1.00005, -1.53668e-08, 7.45058e-08, 0.0292041, -1.11759e-08)

[node name="Physical Bone RFinger21" parent="AstronautRigged/Astronaut_Armature/Skeleton3D" index="34"]
transform = Transform3D(0.00309745, -0.00611237, 0.999977, 1.00713, 0.00615458, -0.00303981, -0.00611393, 1.00598, 0.00608576, -1.10612, 1.91339, -0.024674)
joint_offset = Transform3D(1, 0, 0, 0, 1, 0, 0, 0, 1, 4.93316e-08, 1.00023e-05, 0.0162364)
body_offset = Transform3D(1.00715, 3.22112e-05, 1.50891e-06, 2.77397e-06, 8.84803e-06, -1, -3.50084e-06, 1.00602, -3.07336e-08, -7.45058e-08, 0.0162364, -1.0062e-05)

[node name="Physical Bone RFinger22" parent="AstronautRigged/Astronaut_Armature/Skeleton3D" index="35"]
transform = Transform3D(-0.0706536, 0.00146018, 1.00672, 1.00112, -0.00136059, 0.0733161, 0.00152326, 0.999997, -0.00136467, -1.13793, 1.91241, -0.024762)
joint_offset = Transform3D(1, 0, 0, 0, 1, 0, 0, 0, 1, -0.000113514, 2.12774e-05, 0.015555)
body_offset = Transform3D(1.00361, -4.65661e-10, 0.00222373, -3.57164e-05, -2.51457e-08, -1.00938, 5.78957e-05, 1, 5.42752e-06, 7.93338e-05, 0.0157009, -2.13552e-05)

[node name="Physical Bone RFinger3" parent="AstronautRigged/Astronaut_Armature/Skeleton3D" index="36"]
transform = Transform3D(-0.0463488, -0.0654955, 0.996775, 0.996755, 0.0623929, 0.0504575, -0.0654944, 0.9959, 0.0623922, -1.05128, 1.9076, -0.057669)
joint_offset = Transform3D(1, 0, 0, 0, 1, 0, 0, 0, 1, -2.70437e-06, 1.90067e-07, 0.0265869)
body_offset = Transform3D(0.999979, 0, -1.41049e-06, -9.59914e-06, -4.88013e-07, -1, 5.21541e-08, 1, -2.83122e-07, 2.74181e-06, 0.0265869, -1.82539e-07)

[node name="Physical Bone RFinger31" parent="AstronautRigged/Astronaut_Armature/Skeleton3D" index="37"]
transform = Transform3D(-0.0459964, -0.0657143, 0.996778, 0.996778, 0.0626227, 0.0501248, -0.0657148, 0.995871, 0.0626222, -1.09288, 1.90549, -0.0602745)
joint_offset = Transform3D(1, 0, 0, 0, 1, 0, 0, 0, 1, 1.54712e-08, -1.38395e-06, 0.0151486)
body_offset = Transform3D(1, 7.45058e-09, 1.9297e-06, 1.93482e-06, -3.53903e-07, -1, 0, 1, -3.68804e-07, -4.47035e-08, 0.0151486, 1.38953e-06)

[node name="Physical Bone RFinger32" parent="AstronautRigged/Astronaut_Armature/Skeleton3D" index="38"]
transform = Transform3D(-0.119394, -0.0529258, 0.991435, 0.991435, 0.0468897, 0.121897, -0.0529339, 0.997497, 0.0468825, -1.12133, 1.90309, -0.0618563)
joint_offset = Transform3D(1, 0, 0, 0, 1, 0, 0, 0, 1, -7.44718e-07, 1.93928e-07, 0.0134701)
body_offset = Transform3D(1, 5.67734e-06, 1.10371e-05, 1.09959e-05, -7.99447e-06, -1, 1.11759e-08, 1, 2.6077e-07, 5.96046e-07, 0.0134701, -1.9744e-07)

[node name="Physical Bone RFinger4" parent="AstronautRigged/Astronaut_Armature/Skeleton3D" index="39"]
transform = Transform3D(-0.11232, -0.307063, 0.945037, 0.945036, 0.260887, 0.197088, -0.307068, 0.915232, 0.260885, -1.03233, 1.88846, -0.0813997)
joint_offset = Transform3D(1, 0, 0, 0, 1, 0, 0, 0, 1, -2.3647e-07, -4.31056e-06, 0.0172494)
body_offset = Transform3D(1, 0, -2.70456e-06, -1.98931e-06, -9.98378e-07, -1, -1.37091e-06, 1, 1.10269e-06, 2.83122e-07, 0.0172494, 4.29153e-06)

[node name="Physical Bone RFinger41" parent="AstronautRigged/Astronaut_Armature/Skeleton3D" index="40"]
transform = Transform3D(-0.111967, -0.307374, 1.01404, 0.945056, 0.261102, 0.212171, -0.307137, 0.915571, 0.280914, -1.06058, 1.88257, -0.0891213)
joint_offset = Transform3D(1, 0, 0, 0, 1, 0, 0, 0, 1, 1.33082e-05, -8.9033e-05, 0.0117629)
body_offset = Transform3D(1, -3.36766e-05, 0.000698894, 2.60025e-06, 0.000107765, -1.07341, -3.27826e-07, 1.00046, 0.00102061, -2.15322e-05, 0.0126264, 7.70688e-05)

[node name="Physical Bone RFinger42" parent="AstronautRigged/Astronaut_Armature/Skeleton3D" index="41"]
transform = Transform3D(-0.195744, -0.274348, 0.940946, 0.941488, 0.216015, 0.258676, -0.274349, 0.937054, 0.216012, -1.08314, 1.87717, -0.0949401)
joint_offset = Transform3D(1, 0, 0, 0, 1, 0, 0, 0, 1, -2.21817e-06, -1.42863e-06, 0.0112737)
body_offset = Transform3D(0.999991, 0, 8.57264e-05, -7.62939e-06, -6.55651e-07, -0.999476, -2.98023e-06, 1, 0.000145227, 1.2517e-06, 0.0112678, -2.08616e-07)

[node name="Physical Bone RFinger0" parent="AstronautRigged/Astronaut_Armature/Skeleton3D" index="42"]
transform = Transform3D(0.200701, 0.602648, 0.772356, 0.772507, -0.58234, 0.253681, 0.60297, 0.545616, -0.582334, -0.953757, 1.87267, 0.0108667)
joint_offset = Transform3D(1, 0, 0, 0, 1, 0, 0, 0, 1, -2.16559e-06, 5.30922e-06, 0.031491)
body_offset = Transform3D(1.00031, -3.27826e-07, -3.8445e-06, 0.000143468, 2.83122e-06, -1, 8.12113e-05, 1, 1.75834e-06, 2.28733e-06, 0.031491, -5.36442e-06)

[node name="Physical Bone RFinger01" parent="AstronautRigged/Astronaut_Armature/Skeleton3D" index="43"]
transform = Transform3D(0.15817, 0.606498, 0.779193, 0.779188, -0.561376, 0.278787, 0.606504, 0.563043, -0.561369, -0.994085, 1.85895, 0.0407401)
joint_offset = Transform3D(1, 0, 0, 0, 1, 0, 0, 0, 1, -9.20197e-07, 5.2603e-07, 0.0205525)
body_offset = Transform3D(1, -1.49012e-07, -1.78814e-07, -8.9407e-08, 4.76837e-07, -1, 6.25849e-07, 1, 5.06639e-07, 9.23872e-07, 0.0205525, -5.36442e-07)

[node name="Physical Bone RFinger02" parent="AstronautRigged/Astronaut_Armature/Skeleton3D" index="44"]
transform = Transform3D(0.133217, 0.593543, 0.793703, 0.793694, -0.543504, 0.273229, 0.593551, 0.593556, -0.543495, -1.02188, 1.84917, -0.0466964)
joint_offset = Transform3D(1, 0, 0, 0, 1, 0, 0, 0, 1, 0.0635294, 0.0635349, -0.0433384)
body_offset = Transform3D(1, 0, 1.11163e-05, 7.80821e-06, -2.02656e-06, -1, 2.98023e-08, 1, -1.40071e-06, -0.0635289, -0.0433388, -0.0635349)

[node name="Physical Bone RThigh" parent="AstronautRigged/Astronaut_Armature/Skeleton3D" index="45"]
transform = Transform3D(-0.999861, -4.39195e-08, 0.0183934, 0.0184174, -6.61095e-07, 0.999831, -3.58037e-08, 1, 4.20576e-07, -0.136311, 0.954515, 0.0252757)
joint_offset = Transform3D(1, 0, 0, 0, 1, 0, 0, 0, 1, -1.69656e-06, -3.82061e-08, 0.28508)
body_offset = Transform3D(1.00003, -3.33448e-09, -7.45053e-09, -2.35271e-05, 1.84228e-07, -1, 4.34852e-11, 1, 3.3435e-09, 1.69873e-06, 0.28508, 3.72529e-08)

[node name="Physical Bone RShin" parent="AstronautRigged/Astronaut_Armature/Skeleton3D" index="46"]
transform = Transform3D(-1, -5.80994e-08, -3.62552e-08, -5.11564e-08, -4.63097e-07, 1, -5.77587e-08, 1, 4.02763e-07, -0.141553, 0.389596, 0.0312495)
joint_offset = Transform3D(1, 0, 0, 0, 1, 0, 0, 0, 1, -1.67072e-08, -0.00597408, 0.279885)
body_offset = Transform3D(1, -2.13163e-14, 6.4529e-09, 6.45289e-09, 3.03567e-09, -1, 1.13687e-13, 1, 3.03581e-09, 1.49012e-08, 0.279885, 0.00597408)

[node name="Physical Bone RFoot" parent="AstronautRigged/Astronaut_Armature/Skeleton3D" index="47"]
transform = Transform3D(1, -1.26842e-08, -9.66975e-08, 4.5175e-08, -0.902153, 0.431417, -9.30506e-08, -0.431417, -0.902154, -0.160155, 0.0736066, 0.100773)
joint_offset = Transform3D(1, 0, 0, 0, 1, 0, 0, 0, 1, 0.0186021, -8.31971e-07, 0.0836859)
body_offset = Transform3D(1, -2.13163e-14, 7.70299e-10, 7.68864e-10, -2.98023e-08, -1, 7.60281e-13, 1, -2.98023e-08, -0.0186021, 0.0836859, 8.34465e-07)

[node name="Physical Bone RToe" parent="AstronautRigged/Astronaut_Armature/Skeleton3D" index="48"]
transform = Transform3D(1, 1.82661e-07, -1.48801e-07, 1.97562e-07, -1, -1.7253e-07, -1.49142e-07, 1.42728e-07, -1, -0.141553, 0.0375035, 0.226919)
joint_offset = Transform3D(1, 0, 0, 0, 1, 0, 0, 0, 1, -1.20697e-08, -3.558e-07, 0.0506482)
body_offset = Transform3D(1, -6.38843e-15, -5.59044e-08, -5.59043e-08, -3.6086e-08, -1, 8.44092e-15, 1, -3.6086e-08, 1.49012e-08, 0.0506482, 3.57628e-07)

[node name="Physical Bone LThigh" parent="AstronautRigged/Astronaut_Armature/Skeleton3D" index="49"]
transform = Transform3D(-0.999833, 1.3866e-07, -0.0183956, -0.0183956, -4.16477e-07, 0.999831, 1.30852e-07, 1, 4.16477e-07, 0.136309, 0.954518, 0.0252883)
joint_offset = Transform3D(1, 0, 0, 0, 1, 0, 0, 0, 1, 7.71772e-08, -1.26378e-05, 0.285081)
body_offset = Transform3D(1, 0, 1.67639e-08, 3.72517e-09, -7.55648e-10, -1, 1.25056e-12, 1, -7.55762e-10, -8.19564e-08, 0.285081, 1.2638e-05)

[node name="Physical Bone LShin" parent="AstronautRigged/Astronaut_Armature/Skeleton3D" index="50"]
transform = Transform3D(-1, 8.7423e-08, 5.96045e-08, 4.49257e-08, -3.75591e-07, 1, 5.06049e-09, 1, 9.53678e-07, 0.141553, 0.389596, 0.0252754)
joint_offset = Transform3D(1, 0, 0, 0, 1, 0, 0, 0, 1, 2.37637e-08, -1.5959e-07, 0.279885)
body_offset = Transform3D(1, -8.21921e-08, -3.16648e-08, -3.94744e-09, 2.94372e-09, -1, 0, 1, 5.83508e-07, -1.49012e-08, 0.279885, -3.72529e-09)

[node name="Physical Bone LFoot" parent="AstronautRigged/Astronaut_Armature/Skeleton3D" index="51"]
transform = Transform3D(1, -2.28165e-07, 6.46646e-08, -2.46775e-07, -0.90215, 0.431422, -3.99286e-08, -0.431423, -0.902153, 0.141553, 0.0736058, 0.100773)
joint_offset = Transform3D(1, 0, 0, 0, 1, 0, 0, 0, 1, -2.51517e-07, -3.04334e-08, 0.0836862)
body_offset = Transform3D(1, -1.42109e-14, -2.15386e-08, -2.15394e-08, 5.96046e-08, -1, 1.35003e-13, 1, 1.78814e-06, 2.5332e-07, 0.0836863, -1.19209e-07)

[node name="Physical Bone LToe" parent="AstronautRigged/Astronaut_Armature/Skeleton3D" index="52"]
transform = Transform3D(1, -1.78936e-07, 1.38093e-07, -1.91974e-07, -1, -2.70913e-07, 1.38264e-07, 5.98742e-07, -1, 0.14881, -0.0676689, 0.226919)
joint_offset = Transform3D(1, 0, 0, 0, 1, 0, 0, 0, 1, -0.00725674, -0.10517, 0.0506481)
body_offset = Transform3D(1, -2.68569e-13, 5.59006e-08, 5.59006e-08, -5.69091e-08, -1, 5.26697e-14, 1, -5.69121e-08, 0.00725673, 0.0506481, 0.10517)

[node name="Reticle" type="MeshInstance3D" parent="."]
transform = Transform3D(1, 0, 0, 0, -4.37114e-08, -1, 0, 1, -4.37114e-08, 0, 0.391922, -0.304773)
mesh = SubResource("TorusMesh_240fi")

[node name="MeshInstance3D" type="MeshInstance3D" parent="Reticle"]
mesh = SubResource("TorusMesh_1snni")

[node name="MeshInstance3D2" type="MeshInstance3D" parent="Reticle"]
transform = Transform3D(1, 0, 0, 0, 1, 0, 0, 0, 1, 0, 5.96046e-08, 0.0786328)
mesh = SubResource("BoxMesh_2moca")

[node name="MultiplayerSynchronizer" type="MultiplayerSynchronizer" parent="."]
replication_config = SubResource("SceneReplicationConfig_8f403")

[editable path="AstronautRigged"]
