[gd_scene load_steps=6 format=3 uid="uid://n0phtyayp8kf"]

[ext_resource type="Script" path="res://Scripts/Player.gd" id="1_3yuwh"]
[ext_resource type="PackedScene" uid="uid://dxd7h6vgkpuml" path="res://Scenes/AstronautRigged.tscn" id="2_qavmf"]

[sub_resource type="CapsuleShape3D" id="CapsuleShape3D_f73jh"]
radius = 0.35

[sub_resource type="CapsuleMesh" id="CapsuleMesh_uprxv"]
radius = 0.35

[sub_resource type="SceneReplicationConfig" id="SceneReplicationConfig_8f403"]
properties/0/path = NodePath(".:position")
properties/0/spawn = true
properties/0/sync = true
properties/1/path = NodePath(".:rotation")
properties/1/spawn = true
properties/1/sync = true
properties/2/path = NodePath(".:linear_velocity")
properties/2/spawn = true
properties/2/sync = true
properties/3/path = NodePath(".:angular_velocity")
properties/3/spawn = true
properties/3/sync = true

[node name="RigidBody3D" type="RigidBody3D"]
mass = 80.0
gravity_scale = 0.0
script = ExtResource("1_3yuwh")

[node name="CollisionShape3D" type="CollisionShape3D" parent="."]
transform = Transform3D(1, 0, 0, 0, 1, 0, 0, 0, 1, 0, -0.5, 0)
shape = SubResource("CapsuleShape3D_f73jh")

[node name="MeshInstance3D" type="MeshInstance3D" parent="CollisionShape3D"]
visible = false
mesh = SubResource("CapsuleMesh_uprxv")
skeleton = NodePath("")

[node name="AstronautRigged" parent="." instance=ExtResource("2_qavmf")]
transform = Transform3D(1, 0, 0, 0, 1, 0, 0, 0, 1, 0, -1.5, 0)

[node name="Physical Bone Hip" parent="AstronautRigged/Astronaut_Armature/Skeleton3D" index="1"]
transform = Transform3D(1, -3.79985e-05, -5.69145e-12, 1.80847e-05, 0.475931, -0.879483, 3.3419e-05, 0.879483, 0.475931, 3.37317e-07, 1.24542, 0.00292889)
joint_offset = Transform3D(1, 0, 0, 0, 1, 0, 0, 0, 1, -3.37322e-07, -1.49012e-07, 0.069653)
body_offset = Transform3D(1, -3.6376e-05, -4.96517e-06, -1.81899e-12, 0.135242, -0.990813, 3.67133e-05, 0.990813, 0.135242, 6.83156e-07, 0.0690132, -0.00941986)

[node name="Physical Bone LowerSpine" parent="AstronautRigged/Astronaut_Armature/Skeleton3D" index="2"]
transform = Transform3D(1, 2.6958e-11, -9.93e-10, 2.75044e-12, -0.0521655, -0.998638, -2.71427e-11, 0.998638, -0.0521655, -3.12531e-10, 1.36259, -0.0273011)
joint_offset = Transform3D(1, 0, 0, 0, 1, 0, 0, 0, 1, 3.68255e-10, -2.07119e-09, 0.0559796)
body_offset = Transform3D(1, 0, -9.92858e-10, 7.81597e-14, 3.72529e-09, -1, -1.42109e-14, 1, 3.72529e-09, -3.12675e-10, 0.0559796, 1.86265e-09)

[node name="Physical Bone MiddleSpine" parent="AstronautRigged/Astronaut_Armature/Skeleton3D" index="3"]
transform = Transform3D(1, 2.56364e-11, -4.29878e-13, -4.62508e-12, 0.21727, -0.976111, -2.52953e-11, 0.976111, 0.217271, 1.81632e-13, 1.48766, -0.0397784)
joint_offset = Transform3D(1, 0, 0, 0, 1, 0, 0, 0, 1, 1.71691e-15, 7.02233e-08, 0.0708675)
body_offset = Transform3D(1, -1.56319e-13, 7.10543e-15, 0, -6.25849e-07, -1, 0, 1, -4.47035e-08, -2.22045e-15, 0.0708675, -6.70552e-08)

[node name="Physical Bone Chest" parent="AstronautRigged/Astronaut_Armature/Skeleton3D" index="4"]
transform = Transform3D(1, 1.7053e-13, -6.19679e-09, 9.12869e-13, 0.020793, -0.999788, 7.95808e-13, 0.999783, 0.0207918, 2.93987e-13, 1.71272, -0.0584176)
joint_offset = Transform3D(1, 0, 0, 0, 1, 0, 0, 0, 1, 9.661e-10, 1.22935e-07, 0.155916)
body_offset = Transform3D(1, -2.27232e-11, -6.20184e-09, 1.81188e-13, 0.233808, -0.972287, 2.45279e-11, 0.972282, 0.233808, 8.65086e-13, 0.151595, -0.0364545)

[node name="Physical Bone Neck" parent="AstronautRigged/Astronaut_Armature/Skeleton3D" index="5"]
transform = Transform3D(1, 2.32632e-11, -2.77112e-13, 7.08206e-12, -0.262465, -0.964942, -2.29505e-11, 0.964942, -0.262465, -1.41356e-09, 1.95663, -0.0377159)
joint_offset = Transform3D(1, 0, 0, 0, 1, 0, 0, 0, 1, 1.41394e-09, 1.49613e-07, 0.0912267)
body_offset = Transform3D(1, -1.42109e-13, 1.66978e-13, -5.32907e-14, 3.8743e-07, -1, -4.26326e-14, 1, 2.38419e-07, -1.41396e-09, 0.0912268, -1.71363e-07)

[node name="Physical Bone Head" parent="AstronautRigged/Astronaut_Armature/Skeleton3D" index="6"]
transform = Transform3D(1, -7.66704e-08, -5.13934e-06, -5.13943e-06, -0.0298401, -0.999584, -8.74764e-08, 0.999575, -0.029854, 6.4038e-07, 2.16934, -0.0100563)
joint_offset = Transform3D(1, 0, 0, 0, 1, 0, 0, 0, 1, 6.83405e-10, 7.99651e-06, 0.124736)
body_offset = Transform3D(1, 1.54898e-12, 2.43081e-10, -3.18279e-10, -9.31323e-08, -1.00003, -1.07498e-08, 1.00002, -1.37109e-05, -7.13726e-10, 0.12474, -6.28643e-06)

[node name="CameraFirstPerson" type="Camera3D" parent="AstronautRigged/Astronaut_Armature/Skeleton3D/Physical Bone Head" index="1"]
transform = Transform3D(-1.19048, -9.72443e-08, 1.87516e-07, -1.97025e-07, -0.0389508, -1.18981, 1.03988e-07, -1.1898, 0.0389341, -1.09004e-06, 0.102937, -0.0862283)
fov = 90.0
near = 0.01

[node name="CameraThirdPerson" type="Camera3D" parent="AstronautRigged/Astronaut_Armature/Skeleton3D/Physical Bone Head" index="2"]
transform = Transform3D(-1.19048, -5.84821e-06, -1.81737e-06, -9.74427e-08, 0.369635, -1.13162, 6.12382e-06, -1.1316, -0.369646, -1.66476e-06, -2.32051, -0.232941)

[node name="Physical Bone LClavicle" parent="AstronautRigged/Astronaut_Armature/Skeleton3D" index="7"]
transform = Transform3D(0.309339, 0.25909, -0.914978, -0.914996, 0.343247, -0.212128, 0.259097, 0.902785, 0.343243, 0.124546, 1.87928, 0.0129888)
joint_offset = Transform3D(1, 0, 0, 0, 1, 0, 0, 0, 1, 1.06087e-07, -1.50401e-07, 0.101719)
body_offset = Transform3D(1.00002, -6.78003e-06, -6.03497e-07, 8.08388e-06, -1.3411e-06, -1, -7.15256e-06, 0.999983, -5.96046e-08, -4.47035e-08, 0.101719, 1.56462e-07)

[node name="Physical Bone LShoulder" parent="AstronautRigged/Astronaut_Armature/Skeleton3D" index="8"]
transform = Transform3D(-0.00362811, 0.0090927, -0.999952, -0.999952, 0.00905371, 0.00370518, 0.00908862, 1, 0.00905563, 0.404527, 1.90017, -0.0238152)
joint_offset = Transform3D(1, 0, 0, 0, 1, 0, 0, 0, 1, 1.80595e-06, 0.000196808, 0.18692)
body_offset = Transform3D(1, 2.0992e-06, 4.40666e-06, -8.66887e-07, 3.13018e-06, -1, 3.3062e-07, 1.00008, 5.02914e-08, -2.63005e-06, 0.18692, -0.000196833)

[node name="Physical Bone LForearm" parent="AstronautRigged/Astronaut_Armature/Skeleton3D" index="9"]
transform = Transform3D(0.00307059, 0.00623741, -0.999976, -0.999975, 0.00625624, -0.00303153, 0.00623624, 0.999961, 0.00625646, 0.747354, 1.89995, -0.0262865)
joint_offset = Transform3D(1, 0, 0, 0, 1, 0, 0, 0, 1, 1.16704e-06, -3.57908e-09, 0.155924)
body_offset = Transform3D(1, -9.31323e-10, -2.21586e-07, -2.12898e-07, -4.19095e-09, -1, -8.54954e-07, 1, -9.31323e-10, -1.13249e-06, 0.155924, 3.72529e-09)

[node name="Physical Bone LHand" parent="AstronautRigged/Astronaut_Armature/Skeleton3D" index="10"]
transform = Transform3D(-0.0171454, 0.279045, -0.960108, 0.969728, -0.229298, -0.0839599, -0.243583, -0.932505, -0.26667, 0.966419, 1.90594, -0.00967795)
joint_offset = Transform3D(1, 0, 0, 0, 1, 0, 0, 0, 1, 1.13454e-05, 4.2418e-05, 0.0657807)
body_offset = Transform3D(-0.978675, 0.195025, 0.0645092, 5.12227e-08, 0.314035, -0.949395, -0.205417, -0.92917, -0.30734, -0.00424062, 0.0624385, 0.0202588)

[node name="Physical Bone LFinger1" parent="AstronautRigged/Astronaut_Armature/Skeleton3D" index="11"]
transform = Transform3D(-0.196381, -0.210813, -0.957611, -0.957597, -0.168739, 0.233528, -0.210814, 0.962853, -0.16874, 1.05318, 1.9057, 0.0119759)
joint_offset = Transform3D(1, 0, 0, 0, 1, 0, 0, 0, 1, 7.85457e-07, -8.83663e-08, 0.0246657)
body_offset = Transform3D(1, 3.72529e-07, -2.84612e-06, -5.77047e-06, -1.95205e-06, -1.00001, -7.45058e-08, 1, -2.45869e-06, -7.15256e-07, 0.024666, 1.49012e-07)

[node name="Physical Bone LFinger11" parent="AstronautRigged/Astronaut_Armature/Skeleton3D" index="12"]
transform = Transform3D(-0.196489, -0.210938, -0.957572, -0.957625, -0.168803, 0.233592, -0.210918, 0.962814, -0.168789, 1.09293, 1.89601, 0.0189791)
joint_offset = Transform3D(1, 0, 0, 0, 1, 0, 0, 0, 1, 1.26559e-06, 6.19134e-07, 0.0168386)
body_offset = Transform3D(1.00007, 2.5019e-05, 2.70829e-06, -5.67511e-05, -4.62085e-05, -1, -3.08454e-06, 1, -1.37091e-06, -1.3113e-06, 0.0168386, -5.96046e-07)

[node name="Physical Bone LFinger12" parent="AstronautRigged/Astronaut_Armature/Skeleton3D" index="13"]
transform = Transform3D(-0.256616, -0.208541, -0.94701, -0.975065, -0.164479, 0.28267, -0.208672, 1.03779, -0.153607, 1.12052, 1.88865, -0.0214895)
joint_offset = Transform3D(1, 0, 0, 0, 1, 0, 0, 0, 1, -0.00879179, 0.0407827, 0.00551748)
body_offset = Transform3D(1.02964, -0.00253375, 1.83098e-05, 0.000569228, 0.00839934, -1.00016, -5.75483e-05, 1.07121, -1.35452e-05, 0.00915557, 0.00518084, -0.0436871)

[node name="Physical Bone LFinger2" parent="AstronautRigged/Astronaut_Armature/Skeleton3D" index="14"]
transform = Transform3D(0.00281542, 0.00589757, -1.00178, -0.999978, 0.00591383, -0.0027837, 0.00589722, 0.999967, 0.00594731, 1.06065, 1.91325, -0.0243808)
joint_offset = Transform3D(1, 0, 0, 0, 1, 0, 0, 0, 1, 2.01981e-08, -6.66179e-07, 0.0291516)
body_offset = Transform3D(1, 1.95578e-08, -2.99309e-06, -1.30395e-06, -6.98492e-09, -1.0018, 1.86265e-09, 1, 2.25967e-05, 6.70552e-08, 0.0292041, 7.45058e-09)

[node name="Physical Bone LFinger21" parent="AstronautRigged/Astronaut_Armature/Skeleton3D" index="15"]
transform = Transform3D(0.00307915, 0.00606712, -0.999977, -0.999976, 0.00608578, -0.00304756, 0.00606709, 0.999963, 0.00608601, 1.10604, 1.91338, -0.0246521)
joint_offset = Transform3D(1, 0, 0, 0, 1, 0, 0, 0, 1, -8.38942e-08, 8.93023e-09, 0.016188)
body_offset = Transform3D(1, -4.65661e-10, 2.42097e-06, -2.94705e-06, -2.98023e-08, -1, -1.86265e-09, 1, 2.53785e-07, 4.47035e-08, 0.016188, -1.30385e-08)

[node name="Physical Bone LFinger22" parent="AstronautRigged/Astronaut_Armature/Skeleton3D" index="16"]
transform = Transform3D(-0.0704392, -0.00145981, -0.997516, -0.997515, -0.00136034, 0.0704406, -0.00145988, 0.999998, -0.00136038, 1.13677, 1.91241, -0.0247307)
joint_offset = Transform3D(1, 0, 0, 0, 1, 0, 0, 0, 1, 2.5982e-07, 1.12132e-08, 0.0145759)
body_offset = Transform3D(1, -2.32831e-10, -3.51289e-06, -4.24327e-06, -1.74623e-09, -1, 2.79397e-09, 1, -2.56114e-09, -2.08616e-07, 0.014576, -1.11759e-08)

[node name="Physical Bone LFinger3" parent="AstronautRigged/Astronaut_Armature/Skeleton3D" index="17"]
transform = Transform3D(-0.0465584, 0.0654991, -0.996797, -1.00033, 0.0623963, 0.050462, 0.0657927, 0.99593, 0.0623957, 1.05124, 1.90759, -0.057657)
joint_offset = Transform3D(1, 0, 0, 0, 1, 0, 0, 0, 1, 1.67165e-06, -1.46091e-07, 0.0265845)
body_offset = Transform3D(1.00357, -1.98931e-06, -4.25056e-06, -4.00986e-05, 1.12876e-06, -1.00002, 6.04615e-05, 1.00003, 2.2687e-06, -1.56462e-06, 0.0265851, 8.56817e-08)

[node name="Physical Bone LFinger31" parent="AstronautRigged/Astronaut_Armature/Skeleton3D" index="18"]
joint_offset = Transform3D(1, 0, 0, 0, 1, 0, 0, 0, 1, 8.24947e-06, 1.55712e-06, 0.0151486)
body_offset = Transform3D(1.00002, -7.97212e-07, 1.35275e-06, 1.68942e-06, -4.84288e-07, -1, -4.24683e-07, 1, -4.88013e-07, -8.27014e-06, 0.0151486, -1.54972e-06)

[node name="Physical Bone LFinger32" parent="AstronautRigged/Astronaut_Armature/Skeleton3D" index="19"]
transform = Transform3D(-0.119377, 0.0529322, -0.991437, -0.991435, 0.0468824, 0.12188, 0.0529329, 0.997486, 0.0468824, 1.1213, 1.90309, -0.0618451)
joint_offset = Transform3D(1, 0, 0, 0, 1, 0, 0, 0, 1, 1.04685e-05, -1.09775e-07, 0.0134735)
body_offset = Transform3D(0.999999, 8.19564e-08, 6.04824e-06, 5.90971e-06, -3.39001e-07, -1, 2.98023e-08, 0.999989, -7.00355e-07, -1.055e-05, 0.0134735, 1.19209e-07)

[node name="Physical Bone LFinger4" parent="AstronautRigged/Astronaut_Armature/Skeleton3D" index="20"]
transform = Transform3D(-0.11232, 0.307064, -0.945038, -0.945037, 0.260887, 0.197088, 0.307066, 0.915232, 0.260882, 1.0323, 1.88845, -0.0813916)
joint_offset = Transform3D(1, 0, 0, 0, 1, 0, 0, 0, 1, 7.90776e-07, -6.09385e-07, 0.0172494)
body_offset = Transform3D(1, -2.98023e-07, 1.66893e-06, 2.22027e-06, -1.13249e-06, -1, -8.9407e-08, 1, -2.68221e-06, -8.19564e-07, 0.0172494, 6.55651e-07)

[node name="Physical Bone LFinger41" parent="AstronautRigged/Astronaut_Armature/Skeleton3D" index="21"]
transform = Transform3D(-0.112007, 0.307144, -0.945048, -0.945051, 0.261033, 0.196843, 0.307147, 0.915163, 0.261029, 1.06055, 1.88256, -0.0891927)
joint_offset = Transform3D(1, 0, 0, 0, 1, 0, 0, 0, 1, 5.30963e-07, -9.26102e-08, 0.0126483)
body_offset = Transform3D(1, -2.98023e-08, -7.45058e-07, -7.22706e-07, 3.27826e-07, -1, -1.63913e-06, 1, 2.5332e-07, -5.21541e-07, 0.0126483, 8.9407e-08)

[node name="Physical Bone LFinger42" parent="AstronautRigged/Astronaut_Armature/Skeleton3D" index="22"]
transform = Transform3D(-0.195764, 0.274351, -0.941492, -0.941492, 0.216013, 0.25871, 0.274352, 0.937054, 0.216011, 1.08311, 1.87716, -0.0949273)
joint_offset = Transform3D(1, 0, 0, 0, 1, 0, 0, 0, 1, 1.7096e-06, -1.03259e-06, 0.0112672)
body_offset = Transform3D(1, 0, -6.25476e-06, -6.87689e-06, 2.30968e-06, -0.999999, 5.96046e-08, 1, 1.71363e-06, -1.63913e-06, 0.0112672, 1.01328e-06)

[node name="Physical Bone LFinger0" parent="AstronautRigged/Astronaut_Armature/Skeleton3D" index="23"]
transform = Transform3D(0.200701, -0.60265, -0.772355, -0.77235, -0.582338, 0.253686, -0.602655, 0.545614, -0.582333, 0.95374, 1.87268, 0.0108637)
joint_offset = Transform3D(1, 0, 0, 0, 1, 0, 0, 0, 1, 7.43955e-06, 3.6172e-05, 0.0314895)
body_offset = Transform3D(1, 0, -5.96046e-07, -2.38419e-07, -1.49012e-06, -1, 0, 1, -1.63913e-06, -7.42078e-06, 0.0314895, -3.61204e-05)

[node name="Physical Bone LFinger01" parent="AstronautRigged/Astronaut_Armature/Skeleton3D" index="24"]
transform = Transform3D(0.158152, -0.606511, -0.779187, -0.779182, -0.561371, 0.278815, -0.606518, 0.563033, -0.561365, 0.994052, 1.85894, 0.0407507)
joint_offset = Transform3D(1, 0, 0, 0, 1, 0, 0, 0, 1, 4.25597e-07, 1.48277e-06, 0.0205524)
body_offset = Transform3D(1, 2.98023e-08, 1.04308e-06, 9.23872e-07, 1.07288e-06, -1, 5.96046e-08, 1, 3.57628e-07, -4.47035e-07, 0.0205524, -1.49012e-06)

[node name="Physical Bone LFinger02" parent="AstronautRigged/Astronaut_Armature/Skeleton3D" index="25"]
transform = Transform3D(0.133226, -0.593858, -0.793704, -0.793697, -0.543554, 0.273213, -0.593545, 0.593284, -0.543496, 1.02184, 1.84915, 0.060353)
joint_offset = Transform3D(1, 0, 0, 0, 1, 0, 0, 0, 1, 9.69905e-07, 8.16202e-07, 0.0148374)
body_offset = Transform3D(1, 0.000159115, -1.10269e-06, -5.06639e-07, -0.000388443, -1, 0, 1.00005, 5.24521e-06, -9.53674e-07, 0.0148374, -8.9407e-07)

[node name="Physical Bone RClavicle" parent="AstronautRigged/Astronaut_Armature/Skeleton3D" index="26"]
transform = Transform3D(0.309325, -0.259095, 0.914981, 0.914979, 0.343243, -0.212129, -0.259099, 0.902804, 0.343239, -0.124568, 1.87928, 0.0129819)
joint_offset = Transform3D(1, 0, 0, 0, 1, 0, 0, 0, 1, 1.3795e-06, -4.07357e-07, 0.101742)
body_offset = Transform3D(1, -5.96046e-08, -2.30968e-07, 1.63913e-07, 2.98023e-08, -1, -1.49012e-08, 1, -5.36442e-07, -1.35601e-06, 0.101742, 4.61936e-07)

[node name="Physical Bone RShoulder" parent="AstronautRigged/Astronaut_Armature/Skeleton3D" index="27"]
transform = Transform3D(-0.00362776, -0.00908833, 0.999952, 0.999952, 0.00905407, 0.00371002, -0.00908819, 0.999863, 0.00905556, -0.404558, 1.90017, -0.0236299)
joint_offset = Transform3D(1, 0, 0, 0, 1, 0, 0, 0, 1, -5.00773e-07, -1.81051e-09, 0.186917)
body_offset = Transform3D(1, -4.31202e-07, 8.47649e-09, 9.57516e-09, 8.75443e-08, -1, 9.31323e-10, 0.999946, -1.02445e-08, 4.99189e-07, 0.186917, 3.72529e-09)

[node name="Physical Bone RForearm" parent="AstronautRigged/Astronaut_Armature/Skeleton3D" index="28"]
transform = Transform3D(0.00307112, -0.00623725, 0.999976, 0.999976, 0.00625621, -0.00303129, -0.00623707, 0.999961, 0.00625642, -0.747387, 1.89995, -0.026298)
joint_offset = Transform3D(1, 0, 0, 0, 1, 0, 0, 0, 1, -7.09122e-08, -1.98126e-16, 0.155924)
body_offset = Transform3D(1, 0, 3.11436e-07, -5.37595e-07, -4.65661e-10, -1, -2.79397e-09, 1, 0, 2.23517e-08, 0.155924, 0)

[node name="Physical Bone RHand" parent="AstronautRigged/Astronaut_Armature/Skeleton3D" index="29"]
transform = Transform3D(-0.0171448, -0.279046, 0.960124, -0.969737, -0.229308, -0.0839607, 0.243603, -0.932514, -0.266671, -0.966772, 1.90604, -0.00974679)
joint_offset = Transform3D(1, 0, 0, 0, 1, 0, 0, 0, 1, 8.86279e-05, -7.81883e-05, 0.0660788)
body_offset = Transform3D(-0.978684, -0.195034, -0.0645109, -1.61119e-07, 0.314036, -0.949411, 0.205436, -0.929179, -0.307342, 0.00433429, 0.0627605, 0.0202179)

[node name="Physical Bone RFinger1" parent="AstronautRigged/Astronaut_Armature/Skeleton3D" index="30"]
transform = Transform3D(-0.196375, 0.21081, 0.957599, 0.957597, -0.168739, 0.233521, 0.210813, 0.962853, -0.168735, -1.05321, 1.90571, 0.0119637)
joint_offset = Transform3D(1, 0, 0, 0, 1, 0, 0, 0, 1, -6.36264e-07, 2.45969e-07, 0.0246646)
body_offset = Transform3D(0.999999, 0, -7.86036e-07, -3.42727e-07, 1.63913e-07, -1, 1.49012e-08, 1, 2.98023e-07, 6.55651e-07, 0.0246646, -2.5332e-07)

[node name="Physical Bone RFinger11" parent="AstronautRigged/Astronaut_Armature/Skeleton3D" index="31"]
transform = Transform3D(-0.196422, 0.227717, 0.957572, 0.957622, -0.186806, 0.233595, 0.210908, 1.04843, -0.168788, -1.09296, 1.89601, 0.018968)
joint_offset = Transform3D(1, 0, 0, 0, 1, 0, 0, 0, 1, -1.51115e-07, -1.27602e-08, 0.0168395)
body_offset = Transform3D(1.00005, -0.0025039, -3.41609e-06, -1.25766e-05, 0.00254433, -1, 8.85129e-06, 1.08902, -5.96046e-08, 2.08616e-07, 0.0168395, 1.49012e-08)

[node name="Physical Bone RFinger12" parent="AstronautRigged/Astronaut_Armature/Skeleton3D" index="32"]
transform = Transform3D(-0.249771, 0.223072, 0.946892, 0.946875, -0.162141, 0.282658, 0.202703, 1.03401, -0.15357, -1.12056, 1.88867, 0.0236735)
joint_offset = Transform3D(1, 0, 0, 0, 1, 0, 0, 0, 1, -1.7436e-05, 1.38388e-06, 0.0121207)
body_offset = Transform3D(1.00002, 0.000351533, 7.50273e-06, 2.64496e-07, -0.00660118, -1.00004, 2.04146e-06, 1.07013, 7.59959e-07, 1.7345e-05, 0.0121212, -1.49012e-06)

[node name="Physical Bone RFinger2" parent="AstronautRigged/Astronaut_Armature/Skeleton3D" index="33"]
joint_offset = Transform3D(1, 0, 0, 0, 1, 0, 0, 0, 1, -5.85042e-08, 1.1624e-08, 0.0292041)
body_offset = Transform3D(1, 1.76765e-06, -5.47923e-07, -3.81254e-06, 1.49943e-07, -1, -1.62981e-07, 1.00005, -1.53668e-08, 7.45058e-08, 0.0292041, -1.11759e-08)

[node name="Physical Bone RFinger21" parent="AstronautRigged/Astronaut_Armature/Skeleton3D" index="34"]
transform = Transform3D(0.00309745, -0.00611237, 0.999977, 1.00713, 0.00615447, -0.00303981, -0.00611393, 1.00598, 0.00608576, -1.10612, 1.91339, -0.024674)
joint_offset = Transform3D(1, 0, 0, 0, 1, 0, 0, 0, 1, 4.93328e-08, 1.00023e-05, 0.0162364)
body_offset = Transform3D(1.00715, 3.20948e-05, 1.50891e-06, 2.77397e-06, 8.8471e-06, -1, -3.50084e-06, 1.00602, -3.07336e-08, -7.45058e-08, 0.0162364, -1.0062e-05)

[node name="Physical Bone RFinger22" parent="AstronautRigged/Astronaut_Armature/Skeleton3D" index="35"]
transform = Transform3D(-0.0704411, 0.00146018, 1.00619, 0.997559, -0.00136059, 0.0731386, 0.00148589, 0.999997, -0.00136438, -1.13793, 1.91241, -0.024762)
joint_offset = Transform3D(1, 0, 0, 0, 1, 0, 0, 0, 1, -0.000111755, 2.12774e-05, 0.0155633)
body_offset = Transform3D(1.00004, -4.65661e-10, 0.00208349, 2.75969e-06, -2.51457e-08, -1.00885, 2.56827e-05, 1, 5.18735e-06, 7.93338e-05, 0.0157009, -2.13552e-05)

[node name="Physical Bone RFinger3" parent="AstronautRigged/Astronaut_Armature/Skeleton3D" index="36"]
joint_offset = Transform3D(1, 0, 0, 0, 1, 0, 0, 0, 1, -2.70432e-06, 1.90066e-07, 0.0265869)
body_offset = Transform3D(0.999996, 0, -1.41049e-06, -5.60284e-06, -4.88013e-07, -1, -1.93715e-07, 1, -2.83122e-07, 2.74181e-06, 0.0265869, -1.82539e-07)

[node name="Physical Bone RFinger31" parent="AstronautRigged/Astronaut_Armature/Skeleton3D" index="37"]
transform = Transform3D(-0.0459964, -0.0657143, 0.996778, 0.996778, 0.0626227, 0.0501248, -0.0657148, 0.995871, 0.0626222, -1.09288, 1.90549, -0.0602746)
joint_offset = Transform3D(1, 0, 0, 0, 1, 0, 0, 0, 1, 5.69996e-10, -1.28709e-06, 0.0151486)
body_offset = Transform3D(1, 7.45058e-09, 1.9297e-06, 1.93482e-06, -3.53903e-07, -1, 0, 1, -3.68804e-07, -2.98023e-08, 0.0151486, 1.29268e-06)

[node name="Physical Bone RFinger32" parent="AstronautRigged/Astronaut_Armature/Skeleton3D" index="38"]
transform = Transform3D(-0.119394, -0.0529261, 0.991435, 0.991439, 0.0468897, 0.121897, -0.0529341, 0.997496, 0.0468825, -1.12133, 1.90309, -0.0618562)
joint_offset = Transform3D(1, 0, 0, 0, 1, 0, 0, 0, 1, -7.44714e-07, 1.26873e-07, 0.0134701)
body_offset = Transform3D(1, 5.69969e-06, 1.10371e-05, 1.09989e-05, -7.71135e-06, -1, 1.11759e-08, 1, 2.6077e-07, 5.96046e-07, 0.0134701, -1.30385e-07)

[node name="Physical Bone RFinger4" parent="AstronautRigged/Astronaut_Armature/Skeleton3D" index="39"]
transform = Transform3D(-0.11232, -0.307063, 0.945039, 0.945036, 0.260887, 0.197088, -0.307068, 0.915232, 0.260884, -1.03233, 1.88846, -0.0813997)
joint_offset = Transform3D(1, 0, 0, 0, 1, 0, 0, 0, 1, -2.4251e-07, -4.29668e-06, 0.0172494)
body_offset = Transform3D(1, 0, -2.35438e-06, -1.98931e-06, -9.98378e-07, -1, -1.37091e-06, 1, 2.98023e-07, 2.83122e-07, 0.0172494, 4.29153e-06)

[node name="Physical Bone RFinger41" parent="AstronautRigged/Astronaut_Armature/Skeleton3D" index="40"]
transform = Transform3D(-0.111967, -0.307204, 0.95975, 0.945056, 0.261053, 0.200103, -0.307137, 0.915281, 0.265609, -1.06058, 1.88257, -0.0891688)
joint_offset = Transform3D(1, 0, 0, 0, 1, 0, 0, 0, 1, 6.00213e-06, -4.03356e-05, 0.0124432)
body_offset = Transform3D(1, -9.89437e-06, 7.32616e-05, 2.60025e-06, 3.27826e-05, -1.01573, -3.27826e-07, 1.00013, 0.000537977, -6.91414e-06, 0.0126389, 3.36468e-05)

[node name="Physical Bone RFinger42" parent="AstronautRigged/Astronaut_Armature/Skeleton3D" index="41"]
transform = Transform3D(-0.195746, -0.274348, 0.941456, 0.941494, 0.216015, 0.258692, -0.274349, 0.937054, 0.216014, -1.08314, 1.87717, -0.0949397)
joint_offset = Transform3D(1, 0, 0, 0, 1, 0, 0, 0, 1, -1.16804e-06, -2.37082e-07, 0.0112681)
body_offset = Transform3D(0.999997, 0, 5.10365e-07, -7.10785e-06, -6.55651e-07, -0.999962, -1.10269e-06, 1, 1.04606e-05, 1.16229e-06, 0.0112677, 1.19209e-07)

[node name="Physical Bone RFinger0" parent="AstronautRigged/Astronaut_Armature/Skeleton3D" index="42"]
transform = Transform3D(0.200702, 0.602648, 0.772356, 0.772428, -0.58234, 0.253681, 0.602816, 0.545616, -0.582334, -0.953757, 1.87267, 0.0108667)
joint_offset = Transform3D(1, 0, 0, 0, 1, 0, 0, 0, 1, -2.16592e-06, 5.30914e-06, 0.031491)
body_offset = Transform3D(1.00016, -2.98023e-07, -3.8445e-06, 7.29263e-05, 2.86102e-06, -1, 4.33326e-05, 1, 1.75834e-06, 2.28733e-06, 0.031491, -5.36442e-06)

[node name="Physical Bone RFinger01" parent="AstronautRigged/Astronaut_Armature/Skeleton3D" index="43"]
transform = Transform3D(0.158171, 0.606498, 0.779193, 0.779189, -0.561376, 0.278787, 0.606504, 0.563043, -0.561369, -0.994085, 1.85895, 0.0407401)
joint_offset = Transform3D(1, 0, 0, 0, 1, 0, 0, 0, 1, -9.20196e-07, 5.2603e-07, 0.0205525)
body_offset = Transform3D(1, -1.49012e-07, -1.78814e-07, -1.19209e-07, 4.76837e-07, -1, 6.55651e-07, 1, 5.06639e-07, 9.23872e-07, 0.0205525, -5.36442e-07)

[node name="Physical Bone RFinger02" parent="AstronautRigged/Astronaut_Armature/Skeleton3D" index="44"]
transform = Transform3D(0.133217, 0.593543, 0.7937, 0.793694, -0.543504, 0.273227, 0.593551, 0.593556, -0.543495, -1.02188, 1.84917, -0.0418409)
joint_offset = Transform3D(1, 0, 0, 0, 1, 0, 0, 0, 1, 0.0606474, 0.0606528, -0.0406995)
body_offset = Transform3D(1, 0, 8.61287e-06, 7.80821e-06, -2.02656e-06, -1, 2.98023e-08, 1, -1.96695e-06, -0.060647, -0.0406999, -0.0606529)

[node name="Physical Bone RThigh" parent="AstronautRigged/Astronaut_Armature/Skeleton3D" index="45"]
transform = Transform3D(-0.999861, -4.39257e-08, 0.0183934, 0.0184172, -6.60987e-07, 0.999831, -3.58038e-08, 1, 4.20576e-07, -0.136311, 0.954515, 0.0252757)
joint_offset = Transform3D(1, 0, 0, 0, 1, 0, 0, 0, 1, -1.50285e-06, -3.82061e-08, 0.28508)
body_offset = Transform3D(1.00003, -3.32623e-09, -7.45053e-09, -2.33352e-05, 1.8412e-07, -1, 4.35136e-11, 1, 3.3435e-09, 1.50502e-06, 0.28508, 3.72529e-08)

[node name="Physical Bone RShin" parent="AstronautRigged/Astronaut_Armature/Skeleton3D" index="46"]
transform = Transform3D(-1, -5.80994e-08, -3.62552e-08, -5.11564e-08, -4.63097e-07, 1, -5.77587e-08, 1, 4.02763e-07, -0.141553, 0.389596, 0.0312495)
joint_offset = Transform3D(1, 0, 0, 0, 1, 0, 0, 0, 1, -1.67072e-08, -0.00597408, 0.279885)
body_offset = Transform3D(1, -2.13163e-14, 6.4529e-09, 6.45289e-09, 3.03567e-09, -1, 1.13687e-13, 1, 3.03581e-09, 1.49012e-08, 0.279885, 0.00597408)

[node name="Physical Bone RFoot" parent="AstronautRigged/Astronaut_Armature/Skeleton3D" index="47"]
transform = Transform3D(1, -1.26842e-08, -9.66975e-08, 4.5175e-08, -0.902153, 0.431417, -9.30506e-08, -0.431417, -0.902154, -0.160154, 0.0736066, 0.100773)
joint_offset = Transform3D(1, 0, 0, 0, 1, 0, 0, 0, 1, 0.0186014, -8.31971e-07, 0.0836859)
body_offset = Transform3D(1, -2.13163e-14, 7.70299e-10, 7.68864e-10, -2.98023e-08, -1, 7.60281e-13, 1, -2.98023e-08, -0.0186014, 0.0836859, 8.34465e-07)

[node name="Physical Bone RToe" parent="AstronautRigged/Astronaut_Armature/Skeleton3D" index="48"]
transform = Transform3D(1, 1.82661e-07, -1.48801e-07, 1.97562e-07, -1, -1.7253e-07, -1.49142e-07, 1.42728e-07, -1, -0.141553, 0.0375035, 0.226919)
joint_offset = Transform3D(1, 0, 0, 0, 1, 0, 0, 0, 1, -1.20697e-08, -3.558e-07, 0.0506482)
body_offset = Transform3D(1, -6.38843e-15, -5.59044e-08, -5.59043e-08, -3.6086e-08, -1, 8.44092e-15, 1, -3.6086e-08, 1.49012e-08, 0.0506482, 3.57628e-07)

[node name="Physical Bone LThigh" parent="AstronautRigged/Astronaut_Armature/Skeleton3D" index="49"]
transform = Transform3D(-0.999833, 1.3866e-07, -0.0183956, -0.0183956, -4.16477e-07, 0.999831, 1.30851e-07, 1, 4.16477e-07, 0.136309, 0.954518, 0.0252883)
joint_offset = Transform3D(1, 0, 0, 0, 1, 0, 0, 0, 1, 7.71772e-08, -1.26378e-05, 0.285081)
body_offset = Transform3D(1, 0, 1.67639e-08, 3.72517e-09, -7.55648e-10, -1, 3.69482e-13, 1, -7.55762e-10, -8.19564e-08, 0.285081, 1.2638e-05)

[node name="Physical Bone LShin" parent="AstronautRigged/Astronaut_Armature/Skeleton3D" index="50"]
transform = Transform3D(-1, 3.71154e-08, 3.63028e-08, 4.49257e-08, -3.75591e-07, 1, 5.06049e-09, 1, 5.20212e-07, 0.141553, 0.389596, 0.0252754)
joint_offset = Transform3D(1, 0, 0, 0, 1, 0, 0, 0, 1, 1.72419e-08, -3.82694e-08, 0.279885)
body_offset = Transform3D(1, -3.18846e-08, -8.3631e-09, -3.94744e-09, 2.94372e-09, -1, 0, 1, 1.50043e-07, -1.49012e-08, 0.279885, -3.72529e-09)

[node name="Physical Bone LFoot" parent="AstronautRigged/Astronaut_Armature/Skeleton3D" index="51"]
transform = Transform3D(1, -2.28165e-07, 6.46642e-08, -2.46775e-07, -0.90215, 0.431423, -3.99286e-08, -0.431423, -0.902152, 0.141553, 0.0736058, 0.100773)
joint_offset = Transform3D(1, 0, 0, 0, 1, 0, 0, 0, 1, -2.51517e-07, 8.17986e-08, 0.0836863)
body_offset = Transform3D(1, -1.42109e-14, -2.15393e-08, -2.15394e-08, 5.96046e-08, -1, 9.23706e-14, 1, 4.47035e-07, 2.5332e-07, 0.0836863, -1.19209e-07)

[node name="Physical Bone LToe" parent="AstronautRigged/Astronaut_Armature/Skeleton3D" index="52"]
transform = Transform3D(1, -1.78936e-07, 1.38093e-07, -1.91974e-07, -1, -2.70916e-07, 1.38264e-07, 5.98742e-07, -1, 0.14881, -0.0676451, 0.226919)
joint_offset = Transform3D(1, 0, 0, 0, 1, 0, 0, 0, 1, -0.00725674, -0.105147, 0.0506481)
body_offset = Transform3D(1, -2.68569e-13, 5.59006e-08, 5.59006e-08, -5.69091e-08, -1, 3.84588e-14, 1, -5.691e-08, 0.00725673, 0.0506481, 0.105147)

[node name="MultiplayerSynchronizer" type="MultiplayerSynchronizer" parent="."]
replication_config = SubResource("SceneReplicationConfig_8f403")

[editable path="AstronautRigged"]
