[gd_scene load_steps=9 format=3 uid="uid://n0phtyayp8kf"]

[ext_resource type="Script" path="res://Scripts/Player.gd" id="1_3yuwh"]
[ext_resource type="PackedScene" uid="uid://dxd7h6vgkpuml" path="res://Scenes/AstronautRigged.tscn" id="2_qavmf"]

[sub_resource type="CapsuleShape3D" id="CapsuleShape3D_f73jh"]
radius = 0.35

[sub_resource type="CapsuleMesh" id="CapsuleMesh_uprxv"]
radius = 0.35

[sub_resource type="TorusMesh" id="TorusMesh_240fi"]
inner_radius = 0.005
outer_radius = 0.01

[sub_resource type="TorusMesh" id="TorusMesh_1snni"]
inner_radius = 0.16
outer_radius = 0.17

[sub_resource type="BoxMesh" id="BoxMesh_2moca"]
size = Vector3(0.005, 0.005, 0.1)

[sub_resource type="SceneReplicationConfig" id="SceneReplicationConfig_8f403"]
properties/0/path = NodePath(".:position")
properties/0/spawn = true
properties/0/sync = true
properties/1/path = NodePath(".:rotation")
properties/1/spawn = true
properties/1/sync = true
properties/2/path = NodePath(".:linear_velocity")
properties/2/spawn = true
properties/2/sync = true
properties/3/path = NodePath(".:angular_velocity")
properties/3/spawn = true
properties/3/sync = true

[node name="RigidBody3D" type="RigidBody3D"]
mass = 80.0
gravity_scale = 0.0
script = ExtResource("1_3yuwh")

[node name="CollisionShape3D" type="CollisionShape3D" parent="."]
transform = Transform3D(1, 0, 0, 0, 1, 0, 0, 0, 1, 0, -0.5, 0)
shape = SubResource("CapsuleShape3D_f73jh")

[node name="MeshInstance3D" type="MeshInstance3D" parent="CollisionShape3D"]
visible = false
mesh = SubResource("CapsuleMesh_uprxv")
skeleton = NodePath("")

[node name="AstronautRigged" parent="." instance=ExtResource("2_qavmf")]
transform = Transform3D(1, 0, 0, 0, 1, 0, 0, 0, 1, 0, -1.5, 0)

[node name="Astronaut_Armature" parent="AstronautRigged" index="0"]
transform = Transform3D(-0.84, 0, -1.26836e-07, 0, 0.84, 0, 1.26836e-07, 0, -0.84, 0, 0, 0)

[node name="Physical Bone Hip" parent="AstronautRigged/Astronaut_Armature/Skeleton3D" index="1"]
transform = Transform3D(1, -3.79985e-05, -2.72568e-07, 1.80847e-05, 0.475934, -0.879488, 3.34191e-05, 0.879488, 0.475934, 6.92796e-07, 1.24542, 0.00292852)
joint_offset = Transform3D(1, 0, 0, 0, 1, 0, 0, 0, 1, -6.73804e-07, 1.82539e-07, 0.0696528)
body_offset = Transform3D(1, -3.6376e-05, -5.23776e-06, -8.18545e-12, 0.135243, -0.990819, 3.67133e-05, 0.990819, 0.135243, 1.03864e-06, 0.0690133, -0.0094202)

[node name="Physical Bone LowerSpine" parent="AstronautRigged/Astronaut_Armature/Skeleton3D" index="2"]
transform = Transform3D(1, 1.80762e-11, -9.92319e-10, 2.69648e-12, -0.0521663, -0.998631, -2.71285e-11, 0.998631, -0.0521663, -3.12817e-10, 1.36259, -0.0273011)
joint_offset = Transform3D(1, 0, 0, 0, 1, 0, 0, 0, 1, 3.68503e-10, 6.73737e-08, 0.05598)
body_offset = Transform3D(1, -8.896e-12, -9.92177e-10, 2.4869e-14, -1.2368e-06, -0.999993, 0, 0.999993, -1.2368e-06, -3.12961e-10, 0.0559796, 1.86265e-09)

[node name="Physical Bone MiddleSpine" parent="AstronautRigged/Astronaut_Armature/Skeleton3D" index="3"]
transform = Transform3D(1, 2.58922e-11, -1.44927e-09, -4.62508e-12, 0.217269, -0.976111, -2.52953e-11, 0.976112, 0.217271, 1.81188e-13, 1.48766, -0.0397784)
joint_offset = Transform3D(1, 0, 0, 0, 1, 0, 0, 0, 1, 1.02678e-10, 7.02233e-08, 0.0708675)
body_offset = Transform3D(1, 8.52651e-14, -1.44883e-09, 0, -1.37091e-06, -1, 0, 1, -4.47035e-08, -2.66454e-15, 0.0708675, -6.70552e-08)

[node name="Physical Bone Chest" parent="AstronautRigged/Astronaut_Armature/Skeleton3D" index="4"]
transform = Transform3D(1, 9.30811e-12, -8.87e-09, 9.54519e-13, 0.020793, -0.999788, 8.10019e-13, 0.999783, 0.0207918, -4.89351e-11, 1.71272, -0.0584176)
joint_offset = Transform3D(1, 0, 0, 0, 1, 0, 0, 0, 1, 1.43212e-09, 1.2666e-07, 0.155916)
body_offset = Transform3D(1, -1.35856e-11, -8.87504e-09, 2.23821e-13, 0.233808, -0.972287, 2.45279e-11, 0.972282, 0.233808, -4.83631e-11, 0.151595, -0.0364545)

[node name="Physical Bone Neck" parent="AstronautRigged/Astronaut_Armature/Skeleton3D" index="5"]
transform = Transform3D(1, 1.3813e-11, 1.10827e-09, 7.98767e-12, -0.262464, -0.964942, -2.3249e-11, 0.964943, -0.262465, -1.75665e-09, 1.95663, -0.0377159)
joint_offset = Transform3D(1, 0, 0, 0, 1, 0, 0, 0, 1, 1.6559e-09, 2.3902e-07, 0.0912267)
body_offset = Transform3D(1, -9.60654e-12, 1.10872e-09, 7.4607e-13, 1.04308e-06, -1, -5.54223e-13, 1, 2.38419e-07, -1.75705e-09, 0.0912267, -2.6077e-07)

[node name="CameraFirstPerson_fixer" type="Node3D" parent="AstronautRigged/Astronaut_Armature/Skeleton3D/Physical Bone Neck" index="1"]
transform = Transform3D(-1, 7.26206e-08, 1.51018e-07, -1.64784e-07, -0.262465, -0.964942, -3.04378e-08, -0.964942, 0.262465, 3.63978e-09, 1.24574e-05, -0.0911834)

[node name="CameraFirstPerson_joint" type="Node3D" parent="AstronautRigged/Astronaut_Armature/Skeleton3D/Physical Bone Neck/CameraFirstPerson_fixer"]
transform = Transform3D(1, 0, 0, 0, 1, 0, 0, 0, 0.999999, 1.56675e-12, 0, 6.51926e-09)

[node name="CameraFirstPerson" type="Camera3D" parent="AstronautRigged/Astronaut_Armature/Skeleton3D/Physical Bone Neck/CameraFirstPerson_fixer/CameraFirstPerson_joint"]
transform = Transform3D(1.19048, 8.65354e-08, -1.24827e-10, -8.65341e-08, 1.19048, 2.4559e-05, 1.26939e-10, -2.46435e-05, 1.19048, 1.50856e-08, 0.207851, -0.109184)
fov = 90.0
near = 0.01

[node name="Physical Bone Head" parent="AstronautRigged/Astronaut_Armature/Skeleton3D" index="6"]
transform = Transform3D(1, -6.63884e-08, -5.13846e-06, -5.13918e-06, -0.0298401, -0.999621, -8.75168e-08, 0.999575, -0.0299098, 6.40672e-07, 2.16934, -0.0100563)
joint_offset = Transform3D(1, 0, 0, 0, 1, 0, 0, 0, 1, 2.56649e-10, 1.48173e-05, 0.124731)
body_offset = Transform3D(1, 1.02835e-08, 1.31901e-09, -7.39395e-11, -9.31323e-08, -1.00007, -1.07975e-08, 1.00002, -6.84261e-05, -4.21323e-10, 0.12474, -6.2827e-06)

[node name="CameraThirdPerson" type="Camera3D" parent="AstronautRigged/Astronaut_Armature/Skeleton3D/Physical Bone Head" index="1"]
transform = Transform3D(-1.19048, -5.84821e-06, -1.81737e-06, -9.74427e-08, 0.369635, -1.13162, 6.12382e-06, -1.1316, -0.369646, -1.66476e-06, -2.32051, -0.232941)

[node name="Physical Bone LClavicle" parent="AstronautRigged/Astronaut_Armature/Skeleton3D" index="7"]
transform = Transform3D(0.309339, 0.259087, -0.914978, -0.914996, 0.343247, -0.212128, 0.259097, 0.902778, 0.343243, 0.124546, 1.87928, 0.0129888)
joint_offset = Transform3D(1, 0, 0, 0, 1, 0, 0, 0, 1, 1.17263e-07, -1.355e-07, 0.101719)
body_offset = Transform3D(1.00002, -9.47714e-06, -6.03497e-07, 8.10623e-06, -1.3411e-06, -1, -7.19726e-06, 0.999976, -5.96046e-08, -5.58794e-08, 0.101719, 1.41561e-07)

[node name="Physical Bone LShoulder" parent="AstronautRigged/Astronaut_Armature/Skeleton3D" index="8"]
transform = Transform3D(-0.00362817, 0.00909843, -0.999952, -0.999952, 0.00905364, 0.00370509, 0.0090877, 1.00014, 0.00905524, 0.404528, 1.90017, -0.0241937)
joint_offset = Transform3D(1, 0, 0, 0, 1, 0, 0, 0, 1, 5.37272e-06, 0.000575249, 0.186925)
body_offset = Transform3D(1, 3.40492e-06, 4.48899e-06, -9.10928e-07, 7.61356e-06, -1, -5.9139e-07, 1.00022, -3.44589e-07, -6.21378e-06, 0.186925, -0.000575311)

[node name="Physical Bone LForearm" parent="AstronautRigged/Astronaut_Armature/Skeleton3D" index="9"]
transform = Transform3D(0.00307053, 0.00623654, -0.999976, -0.999975, 0.00625587, -0.00303161, 0.00623625, 0.999922, 0.00625624, 0.747354, 1.89995, -0.0262865)
joint_offset = Transform3D(1, 0, 0, 0, 1, 0, 0, 0, 1, 1.15429e-06, 3.05477e-08, 0.155924)
body_offset = Transform3D(1, 1.34576e-07, -1.39829e-07, -2.73911e-07, -6.33765e-07, -1, -8.54023e-07, 0.999961, -2.19792e-07, -1.13249e-06, 0.155924, 3.72529e-09)

[node name="Physical Bone LHand" parent="AstronautRigged/Astronaut_Armature/Skeleton3D" index="10"]
transform = Transform3D(-0.0171466, 0.279055, -0.960108, 0.969744, -0.229311, -0.0839626, -0.2436, -0.932591, -0.26669, 0.966421, 1.90594, -0.00967715)
joint_offset = Transform3D(1, 0, 0, 0, 1, 0, 0, 0, 1, 1.14245e-05, 4.14997e-05, 0.0657819)
body_offset = Transform3D(-0.978691, 0.195034, 0.064511, -2.95229e-07, 0.314047, -0.949394, -0.205434, -0.929256, -0.30736, -0.00424057, 0.0624399, 0.0202597)

[node name="Physical Bone LFinger1" parent="AstronautRigged/Astronaut_Armature/Skeleton3D" index="11"]
transform = Transform3D(-0.196382, -0.210814, -0.957617, -0.957598, -0.168738, 0.233529, -0.210814, 0.962852, -0.168744, 1.05318, 1.9057, 0.0119759)
joint_offset = Transform3D(1, 0, 0, 0, 1, 0, 0, 0, 1, 1.44986e-06, 9.81018e-08, 0.0246653)
body_offset = Transform3D(1, 6.10948e-07, -1.99303e-06, -6.79865e-06, -3.8296e-06, -1.00002, 3.42727e-07, 1, -5.1856e-06, -1.40071e-06, 0.0246658, 2.98023e-08)

[node name="Physical Bone LFinger11" parent="AstronautRigged/Astronaut_Armature/Skeleton3D" index="12"]
transform = Transform3D(-0.196573, -0.210983, -0.957573, -0.957696, -0.168813, 0.233592, -0.210952, 0.962803, -0.168789, 1.09293, 1.89601, 0.0189791)
joint_offset = Transform3D(1, 0, 0, 0, 1, 0, 0, 0, 1, 1.26452e-06, 6.15123e-07, 0.0168385)
body_offset = Transform3D(1.00016, 4.63426e-05, 2.76417e-06, -0.000126038, -8.85576e-05, -1, -5.60284e-06, 1, -1.13249e-06, -1.3113e-06, 0.0168386, -5.96046e-07)

[node name="Physical Bone LFinger12" parent="AstronautRigged/Astronaut_Armature/Skeleton3D" index="13"]
transform = Transform3D(-0.260319, -0.211603, -0.947288, -0.990257, -0.16852, 0.282745, -0.21191, 1.06948, -0.153681, 1.12052, 1.88865, -0.301395)
joint_offset = Transform3D(1, 0, 0, 0, 1, 0, 0, 0, 1, -0.061827, 0.285002, -0.0345603)
body_offset = Transform3D(1.0456, -0.00436491, 3.15905e-05, 0.000859205, 0.0115087, -1.00046, -0.000105813, 1.10309, -4.00841e-05, 0.0658915, -0.0378031, -0.314391)

[node name="Physical Bone LFinger2" parent="AstronautRigged/Astronaut_Armature/Skeleton3D" index="14"]
transform = Transform3D(0.00281523, 0.00590143, -1.00186, -0.999978, 0.00591363, -0.00278377, 0.00589741, 0.999967, 0.00595245, 1.06073, 1.91325, -0.0243824)
joint_offset = Transform3D(1, 0, 0, 0, 1, 0, 0, 0, 1, -1.84618e-07, 2.83095e-07, 0.029226)
body_offset = Transform3D(1, 2.2538e-07, -3.11552e-06, -1.50177e-06, 3.85009e-06, -1.00188, 1.83936e-07, 1, 2.72784e-05, 2.75671e-07, 0.0292809, -1.08033e-06)

[node name="Physical Bone LFinger21" parent="AstronautRigged/Astronaut_Armature/Skeleton3D" index="15"]
transform = Transform3D(0.00307901, 0.00606712, -1.00101, -0.999976, 0.00608578, -0.00305055, 0.00606711, 0.999963, 0.00609137, 1.10604, 1.91338, -0.0246521)
joint_offset = Transform3D(1, 0, 0, 0, 1, 0, 0, 0, 1, -8.12956e-08, 2.3822e-08, 0.0161713)
body_offset = Transform3D(1, -4.65661e-10, 2.26278e-06, -3.09129e-06, -3.07336e-08, -1.00103, 1.49012e-08, 1, -6.66827e-07, 4.47035e-08, 0.016188, -1.30385e-08)

[node name="Physical Bone LFinger22" parent="AstronautRigged/Astronaut_Armature/Skeleton3D" index="16"]
transform = Transform3D(-0.0704392, -0.00145979, -0.997515, -0.997514, -0.00133874, 0.0704373, -0.00145988, 0.999998, -0.00138485, 1.13677, 1.91241, -0.0247307)
joint_offset = Transform3D(1, 0, 0, 0, 1, 0, 0, 0, 1, 2.12067e-07, 3.67826e-07, 0.014576)
body_offset = Transform3D(1, -2.15478e-05, -2.36171e-07, -4.23582e-06, -1.50118e-06, -1, 2.79397e-09, 1, -2.44684e-05, -2.08616e-07, 0.014576, -1.11759e-08)

[node name="Physical Bone LFinger3" parent="AstronautRigged/Astronaut_Armature/Skeleton3D" index="17"]
transform = Transform3D(-0.0466699, 0.0655073, -0.996846, -1.00216, 0.0624068, 0.0504693, 0.0659556, 0.996024, 0.0624074, 1.05124, 1.90759, -0.0576567)
joint_offset = Transform3D(1, 0, 0, 0, 1, 0, 0, 0, 1, 1.76669e-06, -5.83547e-07, 0.0265831)
body_offset = Transform3D(1.00541, -6.71297e-06, -8.5216e-06, -6.91866e-05, 2.92808e-06, -1.00007, 0.000101402, 1.00012, 1.11572e-05, -1.54972e-06, 0.026585, 2.86847e-07)

[node name="Physical Bone LFinger31" parent="AstronautRigged/Astronaut_Armature/Skeleton3D" index="18"]
transform = Transform3D(-0.0459934, 0.0657144, -0.996772, -0.9968, 0.0626245, 0.0501207, 0.0657151, 0.995826, 0.0626217, 1.09279, 1.90549, -0.0602592)
joint_offset = Transform3D(1, 0, 0, 0, 1, 0, 0, 0, 1, 5.26411e-06, -2.0092e-06, 0.0150941)
body_offset = Transform3D(1.00002, -4.55976e-06, 1.7006e-06, 1.93343e-06, 2.33576e-06, -0.999994, -1.11014e-06, 0.999955, -9.08971e-07, -5.28991e-06, 0.015094, 2.02283e-06)

[node name="Physical Bone LFinger32" parent="AstronautRigged/Astronaut_Armature/Skeleton3D" index="19"]
transform = Transform3D(-0.119376, 0.0529325, -0.991437, -0.991432, 0.0468825, 0.12188, 0.0529329, 0.997485, 0.0468825, 1.12132, 1.90309, -0.0618458)
joint_offset = Transform3D(1, 0, 0, 0, 1, 0, 0, 0, 1, 1.2167e-05, -1.66602e-07, 0.0134872)
body_offset = Transform3D(0.999995, -1.15484e-07, 6.0671e-06, 5.90249e-06, -2.98023e-08, -1, 2.16067e-07, 0.999988, -6.29574e-07, -1.22488e-05, 0.0134872, 1.75089e-07)

[node name="Physical Bone LFinger4" parent="AstronautRigged/Astronaut_Armature/Skeleton3D" index="20"]
transform = Transform3D(-0.112321, 0.307064, -0.945038, -0.945037, 0.260887, 0.197088, 0.307066, 0.915232, 0.260882, 1.0323, 1.88845, -0.0813916)
joint_offset = Transform3D(1, 0, 0, 0, 1, 0, 0, 0, 1, 7.91932e-07, -6.08099e-07, 0.0172494)
body_offset = Transform3D(1, -3.57628e-07, 1.60187e-06, 2.19047e-06, -1.10269e-06, -1, -7.15256e-07, 1, -2.75671e-06, -8.19564e-07, 0.0172494, 6.55651e-07)

[node name="Physical Bone LFinger41" parent="AstronautRigged/Astronaut_Armature/Skeleton3D" index="21"]
transform = Transform3D(-0.112007, 0.307145, -0.945055, -0.945133, 0.261033, 0.196845, 0.30718, 0.915164, 0.26103, 1.06055, 1.88256, -0.0891927)
joint_offset = Transform3D(1, 0, 0, 0, 1, 0, 0, 0, 1, 5.39303e-07, -8.56412e-08, 0.0126483)
body_offset = Transform3D(1.00009, 0, -1.40816e-06, 6.60866e-06, 2.08616e-07, -1.00001, 7.00355e-06, 1, -2.98023e-07, -5.21541e-07, 0.0126483, 8.9407e-08)

[node name="Physical Bone LFinger42" parent="AstronautRigged/Astronaut_Armature/Skeleton3D" index="22"]
transform = Transform3D(-0.195769, 0.274351, -0.941491, -0.941492, 0.216013, 0.25871, 0.274351, 0.937054, 0.216011, 1.08311, 1.87716, -0.094927)
joint_offset = Transform3D(1, 0, 0, 0, 1, 0, 0, 0, 1, 1.73743e-06, -1.53906e-06, 0.0112677)
body_offset = Transform3D(1, 0, -6.07967e-06, -1.07735e-05, 2.23517e-06, -0.999999, -2.05636e-06, 1, 1.69873e-06, -1.66893e-06, 0.0112677, 1.51992e-06)

[node name="Physical Bone LFinger0" parent="AstronautRigged/Astronaut_Armature/Skeleton3D" index="23"]
transform = Transform3D(0.200702, -0.60265, -0.772356, -0.772352, -0.582338, 0.253686, -0.602657, 0.545613, -0.582333, 0.95374, 1.87268, 0.0108635)
joint_offset = Transform3D(1, 0, 0, 0, 1, 0, 0, 0, 1, 7.38737e-06, 3.60974e-05, 0.0314891)
body_offset = Transform3D(1, 2.08616e-07, -5.96046e-07, -1.19209e-07, -1.81794e-06, -1, -5.66244e-07, 1, -1.16229e-06, -7.36862e-06, 0.0314891, -3.60608e-05)

[node name="Physical Bone LFinger01" parent="AstronautRigged/Astronaut_Armature/Skeleton3D" index="24"]
transform = Transform3D(0.158151, -0.606511, -0.779189, -0.779182, -0.561371, 0.278816, -0.606517, 0.563033, -0.561367, 0.994063, 1.85894, 0.0407497)
joint_offset = Transform3D(1, 0, 0, 0, 1, 0, 0, 0, 1, -1.69344e-06, 8.45467e-06, 0.0205599)
body_offset = Transform3D(1, 2.98023e-08, 1.19209e-06, 1.07288e-06, 1.07288e-06, -1, 9.23872e-07, 1, 4.47035e-07, 1.66893e-06, 0.02056, -8.46386e-06)

[node name="Physical Bone LFinger02" parent="AstronautRigged/Astronaut_Armature/Skeleton3D" index="25"]
transform = Transform3D(0.133226, -0.594714, -0.793702, -0.793697, -0.543675, 0.27322, -0.593545, 0.592567, -0.543502, 1.02184, 1.84915, 0.0603512)
joint_offset = Transform3D(1, 0, 0, 0, 1, 0, 0, 0, 1, -1.24848e-08, 1.89777e-06, 0.0148363)
body_offset = Transform3D(1, 0.000566483, -3.24845e-06, -5.06639e-07, -0.001425, -1, 0, 1.0002, -3.39746e-06, 5.96046e-08, 0.0148363, -1.84774e-06)

[node name="Physical Bone RClavicle" parent="AstronautRigged/Astronaut_Armature/Skeleton3D" index="26"]
transform = Transform3D(0.309324, -0.259095, 0.91499, 0.91498, 0.343243, -0.212132, -0.2591, 0.902804, 0.343241, -0.124568, 1.87928, 0.0129819)
joint_offset = Transform3D(1, 0, 0, 0, 1, 0, 0, 0, 1, 1.4651e-06, -1.55691e-07, 0.101741)
body_offset = Transform3D(1, 0, -1.03563e-06, 1.52737e-06, 2.98023e-08, -1.00001, -8.04663e-07, 1, -3.01003e-06, -1.35973e-06, 0.101742, 4.61936e-07)

[node name="Physical Bone RShoulder" parent="AstronautRigged/Astronaut_Armature/Skeleton3D" index="27"]
transform = Transform3D(-0.00362794, -0.00908866, 0.999952, 0.999952, 0.00905411, 0.00370981, -0.00908756, 0.999825, 0.00905446, -0.404558, 1.90017, -0.0236292)
joint_offset = Transform3D(1, 0, 0, 0, 1, 0, 0, 0, 1, -4.57075e-07, -4.93715e-07, 0.186917)
body_offset = Transform3D(1, -3.44589e-08, -1.8545e-07, 1.77344e-07, 7.58097e-07, -1, 6.30505e-07, 0.999907, -1.11572e-06, 4.91738e-07, 0.186917, 7.02217e-07)

[node name="Physical Bone RForearm" parent="AstronautRigged/Astronaut_Armature/Skeleton3D" index="28"]
transform = Transform3D(0.00307112, -0.00623679, 0.999976, 0.999976, 0.00625602, -0.00303149, -0.00623707, 0.999922, 0.00625629, -0.747387, 1.89995, -0.026298)
joint_offset = Transform3D(1, 0, 0, 0, 1, 0, 0, 0, 1, -4.06523e-08, 2.05488e-08, 0.155924)
body_offset = Transform3D(1, 4.70318e-08, 1.17368e-07, -5.37595e-07, -2.19326e-07, -1, -2.79397e-09, 0.999962, -1.31782e-07, 2.23517e-08, 0.155924, 0)

[node name="Physical Bone RHand" parent="AstronautRigged/Astronaut_Armature/Skeleton3D" index="29"]
transform = Transform3D(-0.0171447, -0.279046, 0.960124, -0.969737, -0.229308, -0.0839614, 0.243603, -0.932532, -0.266674, -0.966843, 1.90604, -0.00974963)
joint_offset = Transform3D(1, 0, 0, 0, 1, 0, 0, 0, 1, 8.80882e-05, -0.000100993, 0.0661467)
body_offset = Transform3D(-0.978684, -0.195034, -0.0645116, -2.49594e-07, 0.314037, -0.94941, 0.205437, -0.929198, -0.307344, 0.00433374, 0.0628321, 0.0202179)

[node name="Physical Bone RFinger1" parent="AstronautRigged/Astronaut_Armature/Skeleton3D" index="30"]
transform = Transform3D(-0.196376, 0.210811, 0.9576, 0.957596, -0.168739, 0.233521, 0.210813, 0.962854, -0.168736, -1.05321, 1.90571, 0.0119638)
joint_offset = Transform3D(1, 0, 0, 0, 1, 0, 0, 0, 1, -6.65241e-07, 1.56195e-07, 0.0246646)
body_offset = Transform3D(0.999998, 3.42727e-07, -8.19564e-07, 8.86619e-07, -1.19209e-07, -1, 2.98023e-08, 1, 3.12924e-07, 6.85453e-07, 0.0246646, -1.63913e-07)

[node name="Physical Bone RFinger11" parent="AstronautRigged/Astronaut_Armature/Skeleton3D" index="31"]
transform = Transform3D(-0.196419, 0.236428, 0.957572, 0.958215, -0.197572, 0.233595, 0.211107, 1.09162, -0.168788, -1.09296, 1.89601, 0.0189681)
joint_offset = Transform3D(1, 0, 0, 0, 1, 0, 0, 0, 1, -1.81338e-07, -1.04199e-07, 0.0168395)
body_offset = Transform3D(1.00066, -0.00541671, -3.41609e-06, -0.000120096, 0.00400779, -1, 0.00010033, 1.13425, -5.96046e-08, 2.38419e-07, 0.0168395, 1.19209e-07)

[node name="Physical Bone RFinger12" parent="AstronautRigged/Astronaut_Armature/Skeleton3D" index="32"]
transform = Transform3D(-0.249783, 0.22402, 0.946952, 0.946915, -0.162476, 0.282693, 0.202721, 1.03631, -0.153573, -1.12056, 1.88867, 0.0236735)
joint_offset = Transform3D(1, 0, 0, 0, 1, 0, 0, 0, 1, -1.7639e-05, 1.3448e-06, 0.0121199)
body_offset = Transform3D(1.00007, 0.000263169, 2.43355e-05, 3.80911e-06, -0.00705066, -1.00011, 9.89437e-06, 1.0726, 3.94881e-06, 1.7345e-05, 0.0121212, -1.49012e-06)

[node name="Physical Bone RFinger2" parent="AstronautRigged/Astronaut_Armature/Skeleton3D" index="33"]
transform = Transform3D(0.00282866, -0.005898, 0.999979, 0.999979, 0.00591632, -0.00278215, -0.0058978, 1.00002, 0.00591375, -1.06076, 1.91326, -0.0243939)
joint_offset = Transform3D(1, 0, 0, 0, 1, 0, 0, 0, 1, 1.48357e-07, 1.07681e-06, 0.0292809)
body_offset = Transform3D(1, 2.102e-06, -4.86634e-07, -1.21639e-05, 3.25497e-07, -1, -5.81611e-07, 1.00005, -2.63099e-07, -1.3411e-07, 0.0292809, -1.06916e-06)

[node name="Physical Bone RFinger21" parent="AstronautRigged/Astronaut_Armature/Skeleton3D" index="34"]
transform = Transform3D(0.00309751, -0.00611693, 0.999977, 1.00713, 0.00617391, -0.00303981, -0.00611724, 1.00666, 0.00608576, -1.10612, 1.91339, -0.024674)
joint_offset = Transform3D(1, 0, 0, 0, 1, 0, 0, 0, 1, 4.91811e-08, 9.99554e-06, 0.0162364)
body_offset = Transform3D(1.00715, 4.74011e-05, 1.50891e-06, 2.73472e-06, 9.32487e-06, -1, -6.8075e-06, 1.0067, -3.07336e-08, -7.45058e-08, 0.0162364, -1.0062e-05)

[node name="Physical Bone RFinger22" parent="AstronautRigged/Astronaut_Armature/Skeleton3D" index="35"]
transform = Transform3D(-0.0707333, 0.00146344, 1.00686, 1.00246, -0.00136057, 0.0733702, 0.00153423, 0.999997, -0.00136479, -1.13793, 1.91241, -0.024762)
joint_offset = Transform3D(1, 0, 0, 0, 1, 0, 0, 0, 1, -0.000114038, 2.12784e-05, 0.0155528)
body_offset = Transform3D(1.00495, -2.08267e-07, 0.0022677, -5.07815e-05, -3.27895e-06, -1.00953, 6.69215e-05, 1, 5.43334e-06, 7.93338e-05, 0.0157009, -2.13552e-05)

[node name="Physical Bone RFinger3" parent="AstronautRigged/Astronaut_Armature/Skeleton3D" index="36"]
transform = Transform3D(-0.0463457, -0.0654948, 0.996775, 0.996774, 0.0623939, 0.0504569, -0.0654944, 0.995907, 0.0623929, -1.05123, 1.9076, -0.0576618)
joint_offset = Transform3D(1, 0, 0, 0, 1, 0, 0, 0, 1, 1.73691e-07, -3.61409e-06, 0.0265352)
body_offset = Transform3D(0.999998, 5.36442e-07, -2.0531e-06, -1.36029e-05, -1.67266e-06, -1, 9.98378e-07, 1.00001, 4.4331e-07, -1.19209e-07, 0.0265352, 3.60236e-06)

[node name="Physical Bone RFinger31" parent="AstronautRigged/Astronaut_Armature/Skeleton3D" index="37"]
transform = Transform3D(-0.0459956, -0.0657144, 0.996778, 0.996778, 0.0626232, 0.0501248, -0.0657154, 0.995871, 0.0626222, -1.09289, 1.90549, -0.0602744)
joint_offset = Transform3D(1, 0, 0, 0, 1, 0, 0, 0, 1, -3.71974e-07, -2.04705e-06, 0.0151569)
body_offset = Transform3D(1, 4.24683e-07, 1.9297e-06, 1.21677e-06, -2.12342e-07, -1, -7.15256e-07, 1, -3.68804e-07, 3.42727e-07, 0.0151569, 2.05263e-06)

[node name="Physical Bone RFinger32" parent="AstronautRigged/Astronaut_Armature/Skeleton3D" index="38"]
transform = Transform3D(-0.119393, -0.0529258, 0.991438, 0.991439, 0.0468899, 0.121903, -0.0529322, 0.997497, 0.0468826, -1.12134, 1.90309, -0.0618569)
joint_offset = Transform3D(1, 0, 0, 0, 1, 0, 0, 0, 1, -1.68944e-06, 2.10043e-07, 0.013483)
body_offset = Transform3D(1, 5.83753e-06, 1.69941e-05, 9.6811e-06, -8.03918e-06, -1, 1.82539e-06, 1, 4.47035e-07, 1.46031e-06, 0.013483, -2.16067e-07)

[node name="Physical Bone RFinger4" parent="AstronautRigged/Astronaut_Armature/Skeleton3D" index="39"]
transform = Transform3D(-0.112319, -0.307063, 0.945037, 0.945037, 0.260887, 0.197088, -0.307069, 0.915232, 0.260885, -1.03233, 1.88846, -0.0813997)
joint_offset = Transform3D(1, 0, 0, 0, 1, 0, 0, 0, 1, -4.15411e-07, -4.31107e-06, 0.0172495)
body_offset = Transform3D(1, 2.08616e-07, -2.69711e-06, -2.19047e-06, -1.10269e-06, -1, -2.563e-06, 1, 1.13249e-06, 4.61936e-07, 0.0172495, 4.29153e-06)

[node name="Physical Bone RFinger41" parent="AstronautRigged/Astronaut_Armature/Skeleton3D" index="40"]
transform = Transform3D(-0.111967, -0.307554, 1.01416, 0.945056, 0.261156, 0.212194, -0.307138, 0.915887, 0.280937, -1.06058, 1.88257, -0.0891191)
joint_offset = Transform3D(1, 0, 0, 0, 1, 0, 0, 0, 1, 1.39925e-05, -9.09726e-05, 0.011761)
body_offset = Transform3D(1, -5.94556e-05, 0.000700161, 3.59118e-06, 0.000184596, -1.07353, -1.2517e-06, 1.00082, 0.00101116, -2.22325e-05, 0.0126258, 7.9155e-05)

[node name="Physical Bone RFinger42" parent="AstronautRigged/Astronaut_Armature/Skeleton3D" index="41"]
transform = Transform3D(-0.195739, -0.274348, 0.940919, 0.941472, 0.216015, 0.258673, -0.274348, 0.937054, 0.216011, -1.08314, 1.87717, -0.0949492)
joint_offset = Transform3D(1, 0, 0, 0, 1, 0, 0, 0, 1, -4.84785e-06, 6.93242e-06, 0.0112764)
body_offset = Transform3D(0.999975, 5.96046e-08, 8.89674e-05, -7.98702e-06, -6.25849e-07, -0.99945, -7.27177e-06, 1, 0.000151664, 3.8445e-06, 0.0112702, -8.64267e-06)

[node name="Physical Bone RFinger0" parent="AstronautRigged/Astronaut_Armature/Skeleton3D" index="42"]
transform = Transform3D(0.2007, 0.602648, 0.772356, 0.77258, -0.582341, 0.253681, 0.60313, 0.545618, -0.582334, -0.953757, 1.87267, 0.0108667)
joint_offset = Transform3D(1, 0, 0, 0, 1, 0, 0, 0, 1, -2.16526e-06, 5.3093e-06, 0.031491)
body_offset = Transform3D(1.00046, -3.27826e-07, -3.8445e-06, 0.000218898, 4.50015e-06, -1, 0.000124633, 1, 1.75834e-06, 2.28733e-06, 0.031491, -5.36442e-06)

[node name="Physical Bone RFinger01" parent="AstronautRigged/Astronaut_Armature/Skeleton3D" index="43"]
transform = Transform3D(0.158168, 0.606498, 0.779193, 0.779186, -0.561376, 0.278788, 0.606504, 0.563043, -0.561369, -0.994083, 1.85895, 0.04074)
joint_offset = Transform3D(1, 0, 0, 0, 1, 0, 0, 0, 1, -1.18016e-06, -5.24804e-07, 0.020551)
body_offset = Transform3D(0.999998, -4.17233e-07, 5.06639e-07, 2.98023e-06, 8.34465e-07, -1, 2.98023e-07, 1, -5.66244e-07, 1.16974e-06, 0.020551, 5.36442e-07)

[node name="Physical Bone RFinger02" parent="AstronautRigged/Astronaut_Armature/Skeleton3D" index="44"]
transform = Transform3D(0.133217, 0.593542, 0.793701, 0.793694, -0.543507, 0.273228, 0.593551, 0.593559, -0.543494, -1.02188, 1.84917, -0.048136)
joint_offset = Transform3D(1, 0, 0, 0, 1, 0, 0, 0, 1, 0.0643839, 0.0643892, -0.0441207)
body_offset = Transform3D(1, -8.64267e-07, 1.12057e-05, 7.89762e-06, 8.34465e-07, -1, 2.98023e-08, 1, -1.3113e-06, -0.0643834, -0.0441213, -0.0643894)

[node name="Physical Bone RThigh" parent="AstronautRigged/Astronaut_Armature/Skeleton3D" index="45"]
transform = Transform3D(-1.00003, -4.39195e-08, 0.0183958, 0.0184253, -6.61095e-07, 0.999906, -3.58064e-08, 1, 4.20579e-07, -0.136311, 0.954515, 0.0252757)
joint_offset = Transform3D(1, 0, 0, 0, 1, 0, 0, 0, 1, -1.39528e-06, -3.8198e-08, 0.285059)
body_offset = Transform3D(1.0002, -3.33448e-09, -1.06357e-06, -2.83774e-05, 1.84228e-07, -1.00007, 4.47713e-11, 1, 3.31556e-09, 1.69873e-06, 0.28508, 3.72529e-08)

[node name="Physical Bone RShin" parent="AstronautRigged/Astronaut_Armature/Skeleton3D" index="46"]
transform = Transform3D(-1, -5.28203e-08, -3.62552e-08, -5.11564e-08, -4.63079e-07, 1, -5.77586e-08, 1, 4.02745e-07, -0.141543, 0.389596, 0.0312495)
joint_offset = Transform3D(1, 0, 0, 0, 1, 0, 0, 0, 1, 9.56471e-06, -0.00597408, 0.279885)
body_offset = Transform3D(1, -5.27908e-09, 6.4529e-09, 6.45289e-09, 3.01736e-09, -1, 1.20792e-13, 1, 3.01767e-09, -9.56655e-06, 0.279885, 0.00597408)

[node name="Physical Bone RFoot" parent="AstronautRigged/Astronaut_Armature/Skeleton3D" index="47"]
transform = Transform3D(1, -1.26794e-08, -1.02195e-07, 4.5175e-08, -0.90217, 0.431424, -9.30506e-08, -0.431425, -0.902171, -0.160165, 0.0736067, 0.100773)
joint_offset = Transform3D(1, 0, 0, 0, 1, 0, 0, 0, 1, 0.0186118, -7.42676e-07, 0.0836844)
body_offset = Transform3D(1, 5.00222e-12, -4.72512e-09, 7.68893e-10, -2.08616e-07, -1.00002, 7.53175e-13, 1.00002, 3.27826e-07, -0.0186118, 0.0836859, 7.15256e-07)

[node name="Physical Bone RToe" parent="AstronautRigged/Astronaut_Armature/Skeleton3D" index="48"]
transform = Transform3D(1, 1.8267e-07, -1.48801e-07, 1.97562e-07, -1, -1.7253e-07, -1.49124e-07, 1.42719e-07, -1, -0.141553, 0.0375035, 0.226929)
joint_offset = Transform3D(1, 0, 0, 0, 1, 0, 0, 0, 1, -1.20692e-08, -3.558e-07, 0.0506579)
body_offset = Transform3D(1, 9.13119e-12, -5.59044e-08, -5.5886e-08, -3.60951e-08, -1, 8.44461e-15, 1, -3.6086e-08, 1.49012e-08, 0.0506579, 3.57628e-07)

[node name="Physical Bone LThigh" parent="AstronautRigged/Astronaut_Armature/Skeleton3D" index="49"]
transform = Transform3D(-0.999833, 1.3866e-07, -0.0183944, -0.0183968, -4.16477e-07, 0.999831, 1.30834e-07, 1, 4.16491e-07, 0.136318, 0.954518, 0.0252895)
joint_offset = Transform3D(1, 0, 0, 0, 1, 0, 0, 0, 1, 1.00144e-05, -1.38374e-05, 0.285081)
body_offset = Transform3D(1, -8.52651e-14, -1.17905e-06, 1.20141e-06, -7.55591e-10, -1, -1.62856e-11, 1, -7.41323e-10, -9.6783e-06, 0.285081, 1.38376e-05)

[node name="Physical Bone LShin" parent="AstronautRigged/Astronaut_Armature/Skeleton3D" index="50"]
transform = Transform3D(-1, 8.74231e-08, 5.96045e-08, 4.49211e-08, -3.75555e-07, 1, 5.06054e-09, 1, 9.53678e-07, 0.141543, 0.389596, 0.0252754)
joint_offset = Transform3D(1, 0, 0, 0, 1, 0, 0, 0, 1, -9.52788e-06, -1.5959e-07, 0.279885)
body_offset = Transform3D(1, -8.21922e-08, -3.16648e-08, -3.94289e-09, 2.90748e-09, -1, 5.68434e-14, 1, 5.83508e-07, 9.53674e-06, 0.279885, -3.72529e-09)

[node name="Physical Bone LFoot" parent="AstronautRigged/Astronaut_Armature/Skeleton3D" index="51"]
transform = Transform3D(1, -2.28147e-07, 6.46651e-08, -2.46776e-07, -0.902151, 0.431424, -3.99286e-08, -0.431424, -0.90216, 0.141544, 0.0736058, 0.100773)
joint_offset = Transform3D(1, 0, 0, 0, 1, 0, 0, 0, 1, 9.06171e-06, -1.15229e-07, 0.0836857)
body_offset = Transform3D(1, 1.83107e-11, -2.15384e-08, -2.15394e-08, 1.19209e-07, -1.00001, 2.20268e-13, 1, 2.80142e-06, -9.05991e-06, 0.0836863, -1.19209e-07)

[node name="Physical Bone LToe" parent="AstronautRigged/Astronaut_Armature/Skeleton3D" index="52"]
transform = Transform3D(1, -1.78945e-07, 1.2789e-07, -1.91965e-07, -1, -2.70913e-07, 1.38264e-07, 5.98705e-07, -1, 0.14881, -0.0676689, 0.226919)
joint_offset = Transform3D(1, 0, 0, 0, 1, 0, 0, 0, 1, -0.00725673, -0.10517, 0.0506482)
body_offset = Transform3D(1, -9.50562e-12, 4.56975e-08, 5.59006e-08, -5.69461e-08, -1, -9.09912e-12, 1, -5.69121e-08, 0.00725673, 0.0506482, 0.10517)

[node name="Reticle" type="MeshInstance3D" parent="."]
transform = Transform3D(1, 0, 0, 0, -4.37114e-08, -1, 0, 1, -4.37114e-08, 0, 0.391922, -0.304773)
mesh = SubResource("TorusMesh_240fi")

[node name="MeshInstance3D" type="MeshInstance3D" parent="Reticle"]
mesh = SubResource("TorusMesh_1snni")

[node name="MeshInstance3D2" type="MeshInstance3D" parent="Reticle"]
transform = Transform3D(1, 0, 0, 0, 1, 0, 0, 0, 1, 0, 5.96046e-08, 0.0786328)
mesh = SubResource("BoxMesh_2moca")

[node name="MultiplayerSynchronizer" type="MultiplayerSynchronizer" parent="."]
replication_config = SubResource("SceneReplicationConfig_8f403")

[editable path="AstronautRigged"]
