[gd_scene load_steps=6 format=3 uid="uid://n0phtyayp8kf"]

[ext_resource type="Script" path="res://Scripts/Player.gd" id="1_3yuwh"]
[ext_resource type="PackedScene" uid="uid://dxd7h6vgkpuml" path="res://Scenes/AstronautRigged.tscn" id="2_qavmf"]

[sub_resource type="CapsuleShape3D" id="CapsuleShape3D_f73jh"]
radius = 0.35

[sub_resource type="CapsuleMesh" id="CapsuleMesh_uprxv"]
radius = 0.35

[sub_resource type="SceneReplicationConfig" id="SceneReplicationConfig_8f403"]
properties/0/path = NodePath(".:position")
properties/0/spawn = true
properties/0/sync = true
properties/1/path = NodePath(".:rotation")
properties/1/spawn = true
properties/1/sync = true
properties/2/path = NodePath(".:linear_velocity")
properties/2/spawn = true
properties/2/sync = true
properties/3/path = NodePath(".:angular_velocity")
properties/3/spawn = true
properties/3/sync = true

[node name="RigidBody3D" type="RigidBody3D"]
mass = 80.0
gravity_scale = 0.0
script = ExtResource("1_3yuwh")

[node name="CollisionShape3D" type="CollisionShape3D" parent="."]
transform = Transform3D(1, 0, 0, 0, 1, 0, 0, 0, 1, 0, -0.5, 0)
shape = SubResource("CapsuleShape3D_f73jh")

[node name="MeshInstance3D" type="MeshInstance3D" parent="CollisionShape3D"]
visible = false
mesh = SubResource("CapsuleMesh_uprxv")
skeleton = NodePath("")

[node name="AstronautRigged" parent="." instance=ExtResource("2_qavmf")]
transform = Transform3D(1, 0, 0, 0, 1, 0, 0, 0, 1, 0, -1.5, 0)

[node name="Physical Bone Hip" parent="AstronautRigged/Astronaut_Armature/Skeleton3D" index="1"]
transform = Transform3D(1, -3.79985e-05, -1.13687e-12, 1.80847e-05, 0.475931, -0.879483, 3.3419e-05, 0.879483, 0.475931, 5.23245e-08, 1.24542, 0.00292889)
joint_offset = Transform3D(1, 0, 0, 0, 1, 0, 0, 0, 1, -5.23297e-08, -1.37836e-07, 0.0696531)
body_offset = Transform3D(1, -3.6376e-05, -4.96517e-06, -1.81899e-12, 0.135242, -0.990813, 3.67133e-05, 0.990813, 0.135242, 3.98164e-07, 0.0690132, -0.00941986)

[node name="Physical Bone LowerSpine" parent="AstronautRigged/Astronaut_Armature/Skeleton3D" index="2"]
transform = Transform3D(1, 2.6958e-11, -2.07904e-10, 2.75044e-12, -0.0521655, -0.998638, -2.71427e-11, 0.998638, -0.0521655, -1.03736e-10, 1.36259, -0.0273011)
joint_offset = Transform3D(1, 0, 0, 0, 1, 0, 0, 0, 1, 1.1551e-10, -2.07119e-09, 0.0559796)
body_offset = Transform3D(1, 0, -2.07761e-10, 7.81597e-14, 3.72529e-09, -1, -1.42109e-14, 1, 3.72529e-09, -1.0388e-10, 0.0559796, 1.86265e-09)

[node name="Physical Bone MiddleSpine" parent="AstronautRigged/Astronaut_Armature/Skeleton3D" index="3"]
transform = Transform3D(1, 2.57501e-11, -4.29878e-13, -4.62508e-12, 0.21727, -0.976111, -2.52953e-11, 0.976111, 0.217271, 1.81632e-13, 1.48766, -0.0397784)
joint_offset = Transform3D(1, 0, 0, 0, 1, 0, 0, 0, 1, 1.7169e-15, 7.02233e-08, 0.0708675)
body_offset = Transform3D(1, -4.26326e-14, 7.10543e-15, 0, -2.08616e-07, -1, 0, 1, -4.47035e-08, -2.22045e-15, 0.0708675, -6.70552e-08)

[node name="Physical Bone Chest" parent="AstronautRigged/Astronaut_Armature/Skeleton3D" index="4"]
transform = Transform3D(1, 1.56319e-13, -9.45727e-10, 9.12869e-13, 0.0207931, -0.999788, 7.95808e-13, 0.999783, 0.0207918, 2.88658e-13, 1.71272, -0.0584177)
joint_offset = Transform3D(1, 0, 0, 0, 1, 0, 0, 0, 1, 1.47379e-10, 2.30968e-07, 0.155916)
body_offset = Transform3D(1, -2.27374e-11, -9.50769e-10, 1.81188e-13, 0.233808, -0.972287, 2.45279e-11, 0.972282, 0.233808, 8.60645e-13, 0.151595, -0.0364545)

[node name="Physical Bone Neck" parent="AstronautRigged/Astronaut_Armature/Skeleton3D" index="5"]
transform = Transform3D(1, 2.33342e-11, -3.6593e-13, 7.08206e-12, -0.262465, -0.964942, -2.29505e-11, 0.964942, -0.262465, -2.31859e-10, 1.95663, -0.0377159)
joint_offset = Transform3D(1, 0, 0, 0, 1, 0, 0, 0, 1, 2.32249e-10, 1.49613e-07, 0.0912267)
body_offset = Transform3D(1, -7.10543e-14, 7.81597e-14, -5.32907e-14, 3.27826e-07, -1, -4.26326e-14, 1, 2.38419e-07, -2.32256e-10, 0.0912268, -1.71363e-07)

[node name="Physical Bone Head" parent="AstronautRigged/Astronaut_Armature/Skeleton3D" index="6"]
transform = Transform3D(1, -7.66705e-08, -5.13934e-06, -5.13943e-06, -0.02984, -0.999584, -8.60528e-08, 0.999572, -0.029854, 6.40379e-07, 2.16934, -0.0100563)
joint_offset = Transform3D(1, 0, 0, 0, 1, 0, 0, 0, 1, 6.8386e-10, 7.9984e-06, 0.124736)
body_offset = Transform3D(1, 1.20792e-12, 2.43079e-10, -2.75801e-10, -8.9407e-08, -1.00003, -9.32684e-09, 1.00002, -1.37109e-05, -7.14181e-10, 0.12474, -6.28829e-06)

[node name="CameraFirstPerson" type="Camera3D" parent="AstronautRigged/Astronaut_Armature/Skeleton3D/Physical Bone Head" index="1"]
transform = Transform3D(-1.19048, -6.11815e-06, 2.71087e-07, -8.87018e-08, -0.0355262, -1.18993, 6.12373e-06, -1.18994, 0.0355231, -1.09004e-06, 0.102937, -0.0862283)
fov = 90.0

[node name="CameraThirdPerson" type="Camera3D" parent="AstronautRigged/Astronaut_Armature/Skeleton3D/Physical Bone Head" index="2"]
transform = Transform3D(-1.19048, -5.84821e-06, -1.81737e-06, -9.74427e-08, 0.369635, -1.13162, 6.12382e-06, -1.1316, -0.369646, -1.66476e-06, -2.32051, -0.232941)

[node name="Physical Bone LClavicle" parent="AstronautRigged/Astronaut_Armature/Skeleton3D" index="7"]
transform = Transform3D(0.309334, 0.25909, -0.914978, -0.914991, 0.343247, -0.212128, 0.259099, 0.902785, 0.343243, 0.124547, 1.87928, 0.0129887)
joint_offset = Transform3D(1, 0, 0, 0, 1, 0, 0, 0, 1, 8.7462e-08, -1.42951e-07, 0.101719)
body_offset = Transform3D(1.00001, -6.75023e-06, -6.03497e-07, 4.51505e-06, -1.3113e-06, -1, -4.60446e-06, 0.999983, -5.96046e-08, -2.6077e-08, 0.101719, 1.49012e-07)

[node name="Physical Bone LShoulder" parent="AstronautRigged/Astronaut_Armature/Skeleton3D" index="8"]
transform = Transform3D(-0.00362811, 0.00908945, -0.999952, -0.999952, 0.00905539, 0.00370518, 0.00908862, 1, 0.00905563, 0.404526, 1.90017, -0.0238011)
joint_offset = Transform3D(1, 0, 0, 0, 1, 0, 0, 0, 1, 1.67962e-06, 0.000182753, 0.18692)
body_offset = Transform3D(1, 4.40516e-07, 4.40666e-06, -8.66901e-07, -1.25729e-07, -1, 3.32482e-07, 1.00008, 5.02914e-08, -2.5034e-06, 0.18692, -0.000182778)

[node name="Physical Bone LForearm" parent="AstronautRigged/Astronaut_Armature/Skeleton3D" index="9"]
joint_offset = Transform3D(1, 0, 0, 0, 1, 0, 0, 0, 1, 1.16704e-06, -5.00608e-09, 0.155924)
body_offset = Transform3D(1, -9.31323e-10, -2.21604e-07, -2.14295e-07, -4.19095e-09, -1, -8.54954e-07, 1, -3.72529e-09, -1.13249e-06, 0.155924, 5.58794e-09)

[node name="Physical Bone LHand" parent="AstronautRigged/Astronaut_Armature/Skeleton3D" index="10"]
transform = Transform3D(-0.0171454, 0.279046, -0.960119, 0.969728, -0.229298, -0.0839594, -0.243583, -0.932503, -0.266668, 0.966419, 1.90594, -0.0096779)
joint_offset = Transform3D(1, 0, 0, 0, 1, 0, 0, 0, 1, 1.13486e-05, 4.27924e-05, 0.06578)
body_offset = Transform3D(-0.978675, 0.195025, 0.0645086, 4.37722e-08, 0.314035, -0.949405, -0.205417, -0.929168, -0.307339, -0.00424062, 0.0624385, 0.0202588)

[node name="Physical Bone LFinger1" parent="AstronautRigged/Astronaut_Armature/Skeleton3D" index="11"]
transform = Transform3D(-0.19638, -0.210812, -0.957603, -0.957598, -0.168739, 0.233527, -0.210814, 0.962854, -0.168738, 1.05318, 1.9057, 0.0119759)
joint_offset = Transform3D(1, 0, 0, 0, 1, 0, 0, 0, 1, 8.03834e-07, -1.01597e-07, 0.0246659)
body_offset = Transform3D(1, 2.98023e-07, -3.59118e-06, -4.98816e-06, -1.59442e-06, -1.00001, -4.47035e-08, 1, -1.92225e-06, -7.15256e-07, 0.024666, 1.49012e-07)

[node name="Physical Bone LFinger11" parent="AstronautRigged/Astronaut_Armature/Skeleton3D" index="12"]
transform = Transform3D(-0.196479, -0.210932, -0.957572, -0.957619, -0.168802, 0.233592, -0.210914, 0.962816, -0.168789, 1.09293, 1.89601, 0.0189791)
joint_offset = Transform3D(1, 0, 0, 0, 1, 0, 0, 0, 1, 1.26561e-06, 6.19133e-07, 0.0168386)
body_offset = Transform3D(1.00006, 2.26349e-05, 2.70829e-06, -4.7598e-05, -4.07696e-05, -1, -2.48849e-06, 1, -1.37091e-06, -1.3113e-06, 0.0168386, -5.96046e-07)

[node name="Physical Bone LFinger12" parent="AstronautRigged/Astronaut_Armature/Skeleton3D" index="13"]
transform = Transform3D(-0.254763, -0.207541, -0.946884, -0.967347, -0.160034, 0.282638, -0.207036, 1.00382, -0.153574, 1.12052, 1.88865, 0.0177382)
joint_offset = Transform3D(1, 0, 0, 0, 1, 0, 0, 0, 1, -0.00117841, 0.00554133, 0.01122)
body_offset = Transform3D(1.02153, -0.00010626, 1.0686e-05, 0.000393461, 0.00287296, -1.00003, -3.63588e-05, 1.03746, -1.78814e-06, 0.00120425, 0.0112048, -0.00574896)

[node name="Physical Bone LFinger2" parent="AstronautRigged/Astronaut_Armature/Skeleton3D" index="14"]
transform = Transform3D(0.00281542, 0.00589756, -1.00074, -0.999978, 0.00591384, -0.00278169, 0.00589722, 0.999967, 0.0059256, 1.06065, 1.91325, -0.0243808)
joint_offset = Transform3D(1, 0, 0, 0, 1, 0, 0, 0, 1, -2.45864e-09, -2.12057e-07, 0.0291818)
body_offset = Transform3D(1, 1.07102e-08, -2.21359e-06, -1.30395e-06, -1.58325e-08, -1.00076, 1.86265e-09, 1, 7.01146e-06, 6.70552e-08, 0.0292041, 7.45058e-09)

[node name="Physical Bone LFinger21" parent="AstronautRigged/Astronaut_Armature/Skeleton3D" index="15"]
transform = Transform3D(0.00307915, 0.00606712, -0.999977, -0.999976, 0.00608578, -0.00304757, 0.00606709, 0.999963, 0.00608601, 1.10604, 1.91338, -0.0246521)
joint_offset = Transform3D(1, 0, 0, 0, 1, 0, 0, 0, 1, -8.3916e-08, 1.26405e-08, 0.0161877)
body_offset = Transform3D(1, -4.65661e-10, 2.42237e-06, -2.94705e-06, -2.98023e-08, -1, -1.86265e-09, 1, 2.54717e-07, 4.47035e-08, 0.0161877, -1.67638e-08)

[node name="Physical Bone LFinger22" parent="AstronautRigged/Astronaut_Armature/Skeleton3D" index="16"]
joint_offset = Transform3D(1, 0, 0, 0, 1, 0, 0, 0, 1, 2.60797e-07, 1.11911e-08, 0.0145759)
body_offset = Transform3D(1, -2.32831e-10, -3.57995e-06, -4.24327e-06, -1.74623e-09, -1, 2.79397e-09, 1, -1.04774e-09, -2.08616e-07, 0.014576, -1.11759e-08)

[node name="Physical Bone LFinger3" parent="AstronautRigged/Astronaut_Armature/Skeleton3D" index="17"]
transform = Transform3D(-0.0463813, 0.0654991, -0.996796, -0.997164, 0.0623963, 0.0504616, 0.0655271, 0.99593, 0.062395, 1.05124, 1.90759, -0.057657)
joint_offset = Transform3D(1, 0, 0, 0, 1, 0, 0, 0, 1, 1.67012e-06, -1.2847e-07, 0.0265845)
body_offset = Transform3D(1.00039, -1.98931e-06, -3.99305e-06, -6.78282e-06, 1.12876e-06, -1.00002, 5.1856e-06, 1.00003, 1.60933e-06, -1.56462e-06, 0.0265851, 8.56817e-08)

[node name="Physical Bone LFinger31" parent="AstronautRigged/Astronaut_Armature/Skeleton3D" index="18"]
joint_offset = Transform3D(1, 0, 0, 0, 1, 0, 0, 0, 1, 8.2496e-06, 1.55711e-06, 0.0151486)
body_offset = Transform3D(1.00001, -7.97212e-07, 1.35275e-06, 1.51107e-06, -4.84288e-07, -1, -1.56462e-07, 1, -4.88013e-07, -8.27014e-06, 0.0151486, -1.54972e-06)

[node name="Physical Bone LFinger32" parent="AstronautRigged/Astronaut_Armature/Skeleton3D" index="19"]
transform = Transform3D(-0.119377, 0.0529324, -0.991437, -0.991435, 0.046883, 0.12188, 0.0529329, 0.997496, 0.0468825, 1.1213, 1.90309, -0.0618451)
joint_offset = Transform3D(1, 0, 0, 0, 1, 0, 0, 0, 1, 1.04089e-05, -1.02373e-07, 0.0134732)
body_offset = Transform3D(0.999999, 1.11759e-08, 6.04847e-06, 5.90994e-06, -6.66827e-07, -1, 2.6077e-08, 0.999999, -6.96629e-07, -1.04904e-05, 0.0134732, 1.11759e-07)

[node name="Physical Bone LFinger4" parent="AstronautRigged/Astronaut_Armature/Skeleton3D" index="20"]
transform = Transform3D(-0.11232, 0.307064, -0.945037, -0.945037, 0.260887, 0.197088, 0.307066, 0.915232, 0.260882, 1.0323, 1.88845, -0.0813916)
joint_offset = Transform3D(1, 0, 0, 0, 1, 0, 0, 0, 1, 8.04905e-07, -6.10413e-07, 0.0172494)
body_offset = Transform3D(1, -2.98023e-07, 1.71363e-06, 2.22772e-06, -1.13249e-06, -1, -5.96046e-08, 1, -2.6226e-06, -8.34465e-07, 0.0172494, 6.55651e-07)

[node name="Physical Bone LFinger41" parent="AstronautRigged/Astronaut_Armature/Skeleton3D" index="21"]
transform = Transform3D(-0.112007, 0.307144, -0.945048, -0.945048, 0.261033, 0.196843, 0.307148, 0.915163, 0.261029, 1.06055, 1.88256, -0.0891927)
joint_offset = Transform3D(1, 0, 0, 0, 1, 0, 0, 0, 1, 5.31907e-07, -9.27993e-08, 0.0126483)
body_offset = Transform3D(1, -2.98023e-08, -8.19564e-07, -8.49366e-07, 3.27826e-07, -1, -3.27826e-07, 1, 2.68221e-07, -5.21541e-07, 0.0126483, 8.9407e-08)

[node name="Physical Bone LFinger42" parent="AstronautRigged/Astronaut_Armature/Skeleton3D" index="22"]
transform = Transform3D(-0.195764, 0.274351, -0.941492, -0.941492, 0.216013, 0.25871, 0.274352, 0.937054, 0.216011, 1.08311, 1.87716, -0.0949273)
joint_offset = Transform3D(1, 0, 0, 0, 1, 0, 0, 0, 1, 1.70994e-06, -1.03259e-06, 0.0112672)
body_offset = Transform3D(1, 0, -6.28456e-06, -6.87689e-06, 2.30968e-06, -0.999999, 5.96046e-08, 1, 1.71363e-06, -1.63913e-06, 0.0112672, 1.01328e-06)

[node name="Physical Bone LFinger0" parent="AstronautRigged/Astronaut_Armature/Skeleton3D" index="23"]
transform = Transform3D(0.200701, -0.60265, -0.772355, -0.77235, -0.582338, 0.253686, -0.602655, 0.545614, -0.582333, 0.95374, 1.87268, 0.0108637)
joint_offset = Transform3D(1, 0, 0, 0, 1, 0, 0, 0, 1, 7.4321e-06, 3.6172e-05, 0.0314895)
body_offset = Transform3D(1, 0, -5.96046e-07, -2.38419e-07, -1.49012e-06, -1, 0, 1, -1.63913e-06, -7.41333e-06, 0.0314895, -3.61204e-05)

[node name="Physical Bone LFinger01" parent="AstronautRigged/Astronaut_Armature/Skeleton3D" index="24"]
transform = Transform3D(0.158152, -0.606511, -0.779189, -0.779182, -0.561371, 0.278816, -0.606518, 0.563033, -0.561367, 0.994052, 1.85894, 0.0407507)
joint_offset = Transform3D(1, 0, 0, 0, 1, 0, 0, 0, 1, 4.24372e-07, 1.48277e-06, 0.0205523)
body_offset = Transform3D(1, 2.98023e-08, 1.10269e-06, 9.23872e-07, 1.07288e-06, -1, 5.96046e-08, 1, 3.57628e-07, -4.47035e-07, 0.0205524, -1.49012e-06)

[node name="Physical Bone LFinger02" parent="AstronautRigged/Astronaut_Armature/Skeleton3D" index="25"]
transform = Transform3D(0.133226, -0.59371, -0.793705, -0.793697, -0.543535, 0.273213, -0.593545, 0.593418, -0.543496, 1.02184, 1.84915, 0.060353)
joint_offset = Transform3D(1, 0, 0, 0, 1, 0, 0, 0, 1, 9.69967e-07, 8.06047e-07, 0.0148374)
body_offset = Transform3D(1, 8.42214e-05, -1.10269e-06, -5.06639e-07, -0.000204355, -1, 0, 1.00003, 5.93066e-06, -9.53674e-07, 0.0148374, -8.9407e-07)

[node name="Physical Bone RClavicle" parent="AstronautRigged/Astronaut_Armature/Skeleton3D" index="26"]
transform = Transform3D(0.309325, -0.259095, 0.914981, 0.914981, 0.343243, -0.212129, -0.259099, 0.902804, 0.34324, -0.124568, 1.87928, 0.0129819)
joint_offset = Transform3D(1, 0, 0, 0, 1, 0, 0, 0, 1, 1.37136e-06, -4.181e-07, 0.101742)
body_offset = Transform3D(1, -5.96046e-08, -2.6077e-07, 3.72529e-08, 2.98023e-08, -1, -4.47035e-08, 1, -3.57628e-07, -1.34483e-06, 0.101742, 4.54485e-07)

[node name="Physical Bone RShoulder" parent="AstronautRigged/Astronaut_Armature/Skeleton3D" index="27"]
joint_offset = Transform3D(1, 0, 0, 0, 1, 0, 0, 0, 1, -5.00773e-07, 5.224e-11, 0.186917)
body_offset = Transform3D(1, -3.97675e-07, 8.47649e-09, 9.57516e-09, 7.72998e-08, -1, 9.31323e-10, 0.999947, -1.02445e-08, 4.99189e-07, 0.186917, 1.86265e-09)

[node name="Physical Bone RForearm" parent="AstronautRigged/Astronaut_Armature/Skeleton3D" index="28"]
joint_offset = Transform3D(1, 0, 0, 0, 1, 0, 0, 0, 1, -7.09123e-08, -1.65106e-16, 0.155924)
body_offset = Transform3D(1, 0, 3.11436e-07, -4.91029e-07, -4.65661e-10, -1, -2.32831e-09, 1, 0, 2.23517e-08, 0.155924, 0)

[node name="Physical Bone RHand" parent="AstronautRigged/Astronaut_Armature/Skeleton3D" index="29"]
transform = Transform3D(-0.0171448, -0.279046, 0.960125, -0.969737, -0.229307, -0.0839606, 0.243603, -0.932498, -0.26667, -0.96677, 1.90604, -0.00974671)
joint_offset = Transform3D(1, 0, 0, 0, 1, 0, 0, 0, 1, 8.86275e-05, -7.76537e-05, 0.0660774)
body_offset = Transform3D(-0.978684, -0.195034, -0.0645109, -1.49943e-07, 0.314036, -0.949411, 0.205436, -0.929164, -0.307341, 0.0043343, 0.062759, 0.0202179)

[node name="Physical Bone RFinger1" parent="AstronautRigged/Astronaut_Armature/Skeleton3D" index="30"]
transform = Transform3D(-0.196375, 0.21081, 0.957599, 0.957597, -0.168739, 0.233521, 0.210813, 0.962853, -0.168735, -1.05321, 1.90571, 0.0119638)
joint_offset = Transform3D(1, 0, 0, 0, 1, 0, 0, 0, 1, -6.66067e-07, 1.56562e-07, 0.0246646)
body_offset = Transform3D(0.999999, 0, -7.86036e-07, -4.17233e-07, 1.63913e-07, -1, 2.98023e-08, 1, 2.98023e-07, 6.85453e-07, 0.0246646, -1.63913e-07)

[node name="Physical Bone RFinger11" parent="AstronautRigged/Astronaut_Armature/Skeleton3D" index="31"]
transform = Transform3D(-0.196422, 0.221753, 0.957572, 0.957574, -0.180694, 0.233595, 0.210891, 1.02158, -0.168788, -1.09296, 1.89601, 0.018968)
joint_offset = Transform3D(1, 0, 0, 0, 1, 0, 0, 0, 1, -1.51106e-07, -1.31e-08, 0.0168395)
body_offset = Transform3D(1, -0.00114305, -3.41609e-06, -3.99724e-06, 0.00229459, -1, 2.08616e-07, 1.06087, -5.96046e-08, 2.08616e-07, 0.0168395, 1.49012e-08)

[node name="Physical Bone RFinger12" parent="AstronautRigged/Astronaut_Armature/Skeleton3D" index="32"]
transform = Transform3D(-0.249769, 0.214001, 0.94686, 0.946871, -0.158799, 0.282642, 0.202702, 1.01114, -0.153567, -1.12056, 1.88867, 0.0236735)
joint_offset = Transform3D(1, 0, 0, 0, 1, 0, 0, 0, 1, -1.73601e-05, 1.43337e-06, 0.0121211)
body_offset = Transform3D(1.00002, 0.00114457, 1.14553e-06, 2.98023e-08, -0.00246948, -1.00001, 1.62423e-06, 1.04566, -7.15256e-07, 1.7345e-05, 0.0121212, -1.49012e-06)

[node name="Physical Bone RFinger2" parent="AstronautRigged/Astronaut_Armature/Skeleton3D" index="33"]
transform = Transform3D(0.0028203, -0.00589777, 0.999979, 0.999978, 0.00591594, -0.00278221, -0.00589743, 1.00001, 0.005914, -1.06069, 1.91326, -0.0243924)
joint_offset = Transform3D(1, 0, 0, 0, 1, 0, 0, 0, 1, -5.85042e-08, 1.16241e-08, 0.0292041)
body_offset = Transform3D(1, 1.7616e-06, -5.47923e-07, -3.81254e-06, 1.32248e-07, -1, -1.62981e-07, 1.00005, -1.53668e-08, 7.45058e-08, 0.0292041, -1.11759e-08)

[node name="Physical Bone RFinger21" parent="AstronautRigged/Astronaut_Armature/Skeleton3D" index="34"]
transform = Transform3D(0.00309744, -0.00611237, 0.999977, 1.00712, 0.00615442, -0.00303981, -0.00611391, 1.00598, 0.00608576, -1.10612, 1.91339, -0.024674)
joint_offset = Transform3D(1, 0, 0, 0, 1, 0, 0, 0, 1, 4.93296e-08, 1.00023e-05, 0.0162364)
body_offset = Transform3D(1.00715, 3.20482e-05, 1.50914e-06, 2.77478e-06, 8.8471e-06, -1, -3.49851e-06, 1.00602, -3.07336e-08, -7.45058e-08, 0.0162364, -1.0062e-05)

[node name="Physical Bone RFinger22" parent="AstronautRigged/Astronaut_Armature/Skeleton3D" index="35"]
transform = Transform3D(-0.0704412, 0.00146018, 1.00145, 0.997559, -0.00136059, 0.0714987, 0.00148589, 0.999997, -0.00136239, -1.13788, 1.91241, -0.0247476)
joint_offset = Transform3D(1, 0, 0, 0, 1, 0, 0, 0, 1, -8.81929e-05, 6.82909e-06, 0.015591)
body_offset = Transform3D(1.00004, -4.65661e-10, 0.000781603, 2.87889e-06, -2.51457e-08, -1.004, 2.56812e-05, 1, 2.49397e-06, 7.60108e-05, 0.0156534, -6.86571e-06)

[node name="Physical Bone RFinger3" parent="AstronautRigged/Astronaut_Armature/Skeleton3D" index="36"]
joint_offset = Transform3D(1, 0, 0, 0, 1, 0, 0, 0, 1, -2.70431e-06, 1.90067e-07, 0.0265869)
body_offset = Transform3D(0.999999, 0, -1.41049e-06, -2.21562e-06, -4.88013e-07, -1, -1.49012e-08, 1, -2.83122e-07, 2.74181e-06, 0.0265869, -1.82539e-07)

[node name="Physical Bone RFinger31" parent="AstronautRigged/Astronaut_Armature/Skeleton3D" index="37"]
transform = Transform3D(-0.0459964, -0.0657143, 0.996778, 0.996778, 0.0626227, 0.0501248, -0.0657148, 0.995871, 0.0626222, -1.09288, 1.90549, -0.0602746)
joint_offset = Transform3D(1, 0, 0, 0, 1, 0, 0, 0, 1, 5.69996e-10, -1.26474e-06, 0.0151486)
body_offset = Transform3D(1, 7.45058e-09, 1.9297e-06, 1.93482e-06, -3.53903e-07, -1, 0, 1, -3.68804e-07, -2.98023e-08, 0.0151486, 1.27032e-06)

[node name="Physical Bone RFinger32" parent="AstronautRigged/Astronaut_Armature/Skeleton3D" index="38"]
transform = Transform3D(-0.119394, -0.0529295, 0.991435, 0.991439, 0.0468876, 0.121897, -0.0529341, 0.997496, 0.0468825, -1.12133, 1.90309, -0.0618562)
joint_offset = Transform3D(1, 0, 0, 0, 1, 0, 0, 0, 1, -7.44704e-07, 1.04521e-07, 0.0134701)
body_offset = Transform3D(1, 3.96371e-06, 1.10364e-05, 1.10522e-05, -4.05312e-06, -1, 7.45058e-09, 1, 2.6077e-07, 5.96046e-07, 0.0134701, -1.08033e-07)

[node name="Physical Bone RFinger4" parent="AstronautRigged/Astronaut_Armature/Skeleton3D" index="39"]
transform = Transform3D(-0.11232, -0.307063, 0.945038, 0.945036, 0.260887, 0.197088, -0.307067, 0.915232, 0.260883, -1.03233, 1.88846, -0.0813997)
joint_offset = Transform3D(1, 0, 0, 0, 1, 0, 0, 0, 1, -2.46751e-07, -4.28331e-06, 0.0172494)
body_offset = Transform3D(1, 0, -2.10851e-06, -2.04891e-06, -9.98378e-07, -1, -2.38419e-07, 1, -4.76837e-07, 2.83122e-07, 0.0172494, 4.29153e-06)

[node name="Physical Bone RFinger41" parent="AstronautRigged/Astronaut_Armature/Skeleton3D" index="40"]
transform = Transform3D(-0.111967, -0.307167, 0.94809, 0.945056, 0.261042, 0.197481, -0.307137, 0.915214, 0.261983, -1.06058, 1.88257, -0.0891689)
joint_offset = Transform3D(1, 0, 0, 0, 1, 0, 0, 0, 1, 6.73377e-06, -3.50906e-05, 0.012598)
body_offset = Transform3D(1, -4.32134e-06, 1.43051e-05, 2.60025e-06, 1.72704e-05, -1.00325, -3.27826e-07, 1.00006, 0.000117123, -6.91414e-06, 0.0126389, 3.3617e-05)

[node name="Physical Bone RFinger42" parent="AstronautRigged/Astronaut_Armature/Skeleton3D" index="41"]
transform = Transform3D(-0.195747, -0.274348, 0.94149, 0.941495, 0.216015, 0.258693, -0.274349, 0.937054, 0.216013, -1.08314, 1.87717, -0.0949397)
joint_offset = Transform3D(1, 0, 0, 0, 1, 0, 0, 0, 1, -1.10298e-06, -1.62109e-07, 0.0112677)
body_offset = Transform3D(0.999999, 0, -5.26384e-06, -6.7167e-06, -6.55651e-07, -0.999994, -4.76837e-07, 1, 1.16229e-06, 1.16229e-06, 0.0112677, 1.49012e-07)

[node name="Physical Bone RFinger0" parent="AstronautRigged/Astronaut_Armature/Skeleton3D" index="42"]
transform = Transform3D(0.200703, 0.602649, 0.772356, 0.772368, -0.582341, 0.253681, 0.602684, 0.545617, -0.582334, -0.953753, 1.87267, 0.010867)
joint_offset = Transform3D(1, 0, 0, 0, 1, 0, 0, 0, 1, -3.07515e-06, 2.92488e-06, 0.0314884)
body_offset = Transform3D(1.00003, -2.08616e-07, -3.8445e-06, 1.0401e-05, 2.71201e-06, -1, 6.94394e-06, 1, 1.75834e-06, 3.1963e-06, 0.0314884, -2.98023e-06)

[node name="Physical Bone RFinger01" parent="AstronautRigged/Astronaut_Armature/Skeleton3D" index="43"]
transform = Transform3D(0.15817, 0.606499, 0.779193, 0.779189, -0.561376, 0.278787, 0.606504, 0.563043, -0.561369, -0.994085, 1.85895, 0.0407401)
joint_offset = Transform3D(1, 0, 0, 0, 1, 0, 0, 0, 1, -9.20197e-07, 5.26029e-07, 0.0205525)
body_offset = Transform3D(1, -1.78814e-07, -1.78814e-07, -2.38419e-07, 4.17233e-07, -1, 1.19209e-07, 1, 5.06639e-07, 9.23872e-07, 0.0205525, -5.36442e-07)

[node name="Physical Bone RFinger02" parent="AstronautRigged/Astronaut_Armature/Skeleton3D" index="44"]
transform = Transform3D(0.133217, 0.593543, 0.793702, 0.793694, -0.543504, 0.273227, 0.593551, 0.593556, -0.543496, -1.02188, 1.84917, 0.0463459)
joint_offset = Transform3D(1, 0, 0, 0, 1, 0, 0, 0, 1, 0.00830395, 0.00830884, 0.00722966)
body_offset = Transform3D(1, 0, 8.34465e-06, 7.80821e-06, -2.02656e-06, -1, 2.98023e-08, 1, -1.90735e-06, -0.00830401, 0.00722963, -0.00830883)

[node name="Physical Bone RThigh" parent="AstronautRigged/Astronaut_Armature/Skeleton3D" index="45"]
transform = Transform3D(-0.999861, -4.39262e-08, 0.0183934, 0.0184172, -5.07806e-07, 0.999831, -3.58038e-08, 1, 4.20576e-07, -0.13631, 0.954517, 0.0252757)
joint_offset = Transform3D(1, 0, 0, 0, 1, 0, 0, 0, 1, -1.35384e-06, -3.82061e-08, 0.285079)
body_offset = Transform3D(1.00003, -5.08244e-10, -7.45053e-09, -2.32887e-05, 3.09647e-08, -1, 4.3535e-11, 1, 3.3435e-09, 1.35601e-06, 0.285079, 3.72529e-08)

[node name="Physical Bone RShin" parent="AstronautRigged/Astronaut_Armature/Skeleton3D" index="46"]
transform = Transform3D(-1, -5.80994e-08, -3.62552e-08, -5.11564e-08, -4.63097e-07, 1, -5.77587e-08, 1, 4.02763e-07, -0.141553, 0.389596, 0.0262651)
joint_offset = Transform3D(1, 0, 0, 0, 1, 0, 0, 0, 1, -1.67072e-08, -0.000989667, 0.279885)
body_offset = Transform3D(1, -2.13163e-14, 6.4529e-09, 6.45289e-09, 3.03567e-09, -1, 1.13687e-13, 1, 3.03581e-09, 1.49012e-08, 0.279885, 0.000989666)

[node name="Physical Bone RFoot" parent="AstronautRigged/Astronaut_Armature/Skeleton3D" index="47"]
transform = Transform3D(1, -1.26842e-08, -9.66975e-08, 4.5175e-08, -0.902153, 0.431417, -9.30506e-08, -0.431417, -0.902154, -0.146428, 0.0736066, 0.100773)
joint_offset = Transform3D(1, 0, 0, 0, 1, 0, 0, 0, 1, 0.00487521, -8.31971e-07, 0.0836859)
body_offset = Transform3D(1, -2.13163e-14, 7.70299e-10, 7.68864e-10, -2.98023e-08, -1, 7.60281e-13, 1, -2.98023e-08, -0.00487521, 0.0836859, 8.34465e-07)

[node name="Physical Bone RToe" parent="AstronautRigged/Astronaut_Armature/Skeleton3D" index="48"]
transform = Transform3D(1, 1.82661e-07, -1.48801e-07, 1.97562e-07, -1, -1.7253e-07, -1.49142e-07, 1.42728e-07, -1, -0.141553, 0.0375035, 0.226919)
joint_offset = Transform3D(1, 0, 0, 0, 1, 0, 0, 0, 1, -1.20697e-08, -3.558e-07, 0.0506482)
body_offset = Transform3D(1, -6.38843e-15, -5.59044e-08, -5.59043e-08, -3.6086e-08, -1, 8.44092e-15, 1, -3.6086e-08, 1.49012e-08, 0.0506482, 3.57628e-07)

[node name="Physical Bone LThigh" parent="AstronautRigged/Astronaut_Armature/Skeleton3D" index="49"]
transform = Transform3D(-0.999833, 1.3866e-07, -0.0183956, -0.0183956, -4.16477e-07, 0.999831, 1.30851e-07, 1, 4.16477e-07, 0.136309, 0.954518, 0.0252883)
joint_offset = Transform3D(1, 0, 0, 0, 1, 0, 0, 0, 1, 7.71772e-08, -1.26378e-05, 0.285081)
body_offset = Transform3D(1, 0, 1.67639e-08, 3.72517e-09, -7.55648e-10, -1, 1.98952e-13, 1, -7.55762e-10, -8.19564e-08, 0.285081, 1.2638e-05)

[node name="Physical Bone LShin" parent="AstronautRigged/Astronaut_Armature/Skeleton3D" index="50"]
transform = Transform3D(-1, 1.01192e-08, 3.2807e-08, 4.49257e-08, -3.75591e-07, 1, 5.06049e-09, 1, 3.93889e-07, 0.141553, 0.389595, 0.0252754)
joint_offset = Transform3D(1, 0, 0, 0, 1, 0, 0, 0, 1, 1.62635e-08, -2.91349e-09, 0.279885)
body_offset = Transform3D(1, -4.88826e-09, -4.86731e-09, -3.94744e-09, 2.94369e-09, -1, 0, 1, 2.37197e-08, -1.49012e-08, 0.279885, -3.72529e-09)

[node name="Physical Bone LFoot" parent="AstronautRigged/Astronaut_Armature/Skeleton3D" index="51"]
transform = Transform3D(1, -2.28165e-07, 6.46641e-08, -2.46775e-07, -0.90215, 0.431423, -3.99286e-08, -0.431423, -0.902152, 0.141553, 0.0736058, 0.100773)
joint_offset = Transform3D(1, 0, 0, 0, 1, 0, 0, 0, 1, -2.51517e-07, 1.04245e-07, 0.0836863)
body_offset = Transform3D(1, -1.42109e-14, -2.15394e-08, -2.15394e-08, 5.96046e-08, -1, 3.55271e-14, 1, 1.78814e-07, 2.5332e-07, 0.0836863, -1.19209e-07)

[node name="Physical Bone LToe" parent="AstronautRigged/Astronaut_Armature/Skeleton3D" index="52"]
transform = Transform3D(1, -1.78936e-07, 1.38093e-07, -1.91974e-07, -1, -2.70916e-07, 1.38264e-07, 5.98742e-07, -1, 0.145632, -0.00302732, 0.226919)
joint_offset = Transform3D(1, 0, 0, 0, 1, 0, 0, 0, 1, -0.00407936, -0.0405288, 0.0506481)
body_offset = Transform3D(1, -2.68569e-13, 5.59006e-08, 5.59006e-08, -5.69091e-08, -1, 2.42479e-14, 1, -5.69093e-08, 0.00407936, 0.0506481, 0.0405288)

[node name="MultiplayerSynchronizer" type="MultiplayerSynchronizer" parent="."]
replication_config = SubResource("SceneReplicationConfig_8f403")

[editable path="AstronautRigged"]
